# # x, Ienergy_b, Ienergy_f
9.999999999999999547e-08 9.999999999999990008e-01 8.749999999999996669e-01
1.022951286804554792e-07 9.999999999999990008e-01 8.749999999999994449e-01
1.046429335175096563e-07 9.999999999999990008e-01 8.749999999999994449e-01
1.070446234967399827e-07 9.999999999999987788e-01 8.749999999999993339e-01
1.095014353514992429e-07 9.999999999999986677e-01 8.749999999999994449e-01
1.120146341997621426e-07 9.999999999999986677e-01 8.749999999999994449e-01
1.145855141955881678e-07 9.999999999999985567e-01 8.749999999999993339e-01
1.172153991955384948e-07 9.999999999999985567e-01 8.749999999999993339e-01
1.199056434403859194e-07 9.999999999999984457e-01 8.749999999999992228e-01
1.226576322524709026e-07 9.999999999999985567e-01 8.749999999999993339e-01
1.254727827490649623e-07 9.999999999999984457e-01 8.749999999999992228e-01
1.283525445721043414e-07 9.999999999999981126e-01 8.749999999999992228e-01
1.312984006346733805e-07 9.999999999999982236e-01 8.749999999999990008e-01
1.343118678846190938e-07 9.999999999999977796e-01 8.749999999999990008e-01
1.373944980856944549e-07 9.999999999999977796e-01 8.749999999999990008e-01
1.405478786166273626e-07 9.999999999999977796e-01 8.749999999999990008e-01
1.437736332885293257e-07 9.999999999999976685e-01 8.749999999999988898e-01
1.470734231810672507e-07 9.999999999999976685e-01 8.749999999999990008e-01
1.504489474978238872e-07 9.999999999999973355e-01 8.749999999999988898e-01
1.539019444412898513e-07 9.999999999999973355e-01 8.749999999999987788e-01
1.574341921079405456e-07 9.999999999999972244e-01 8.749999999999986677e-01
1.610475094038535761e-07 9.999999999999971134e-01 8.749999999999986677e-01
1.647437569813406596e-07 9.999999999999968914e-01 8.749999999999986677e-01
1.685248381970792649e-07 9.999999999999964473e-01 8.749999999999983347e-01
1.723927000922319594e-07 9.999999999999964473e-01 8.749999999999984457e-01
1.763493343950603822e-07 9.999999999999963363e-01 8.749999999999983347e-01
1.803967785465537393e-07 9.999999999999962252e-01 8.749999999999982236e-01
1.845371167495938278e-07 9.999999999999958922e-01 8.749999999999980016e-01
1.887724810421993558e-07 9.999999999999957812e-01 8.749999999999980016e-01
1.931050523954062669e-07 9.999999999999953371e-01 8.749999999999977796e-01
1.975370618363422137e-07 9.999999999999953371e-01 8.749999999999975575e-01
2.020707915970771703e-07 9.999999999999953371e-01 8.749999999999977796e-01
2.067085762898450913e-07 9.999999999999948930e-01 8.749999999999975575e-01
2.114528041092345183e-07 9.999999999999947820e-01 8.749999999999973355e-01
2.163059180619733229e-07 9.999999999999943379e-01 8.749999999999973355e-01
2.212704172249361895e-07 9.999999999999941158e-01 8.749999999999970024e-01
2.263488580320291995e-07 9.999999999999936717e-01 8.749999999999970024e-01
2.315438555906062183e-07 9.999999999999934497e-01 8.749999999999970024e-01
2.368580850280986303e-07 9.999999999999931166e-01 8.749999999999966693e-01
2.422942828695561385e-07 9.999999999999928946e-01 8.749999999999964473e-01
2.478552484467997860e-07 9.999999999999925615e-01 8.749999999999964473e-01
2.535438453399164433e-07 9.999999999999921174e-01 8.749999999999960032e-01
2.593630028518425576e-07 9.999999999999917843e-01 8.749999999999958922e-01
2.653157175167862599e-07 9.999999999999912292e-01 8.749999999999958922e-01
2.714050546432702495e-07 9.999999999999910072e-01 8.749999999999954481e-01
2.776341498925938380e-07 9.999999999999905631e-01 8.749999999999954481e-01
2.840062108935180389e-07 9.999999999999902300e-01 8.749999999999951150e-01
2.905245188940100441e-07 9.999999999999896749e-01 8.749999999999947820e-01
2.971924304509017933e-07 9.999999999999890088e-01 8.749999999999946709e-01
3.040133791583231193e-07 9.999999999999884537e-01 8.749999999999945599e-01
3.109908774158082744e-07 9.999999999999880096e-01 8.749999999999941158e-01
3.181285182369786176e-07 9.999999999999874545e-01 8.749999999999937828e-01
3.254299770997435218e-07 9.999999999999870104e-01 8.749999999999933387e-01
3.328990138389601305e-07 9.999999999999864553e-01 8.749999999999931166e-01
3.405394745825315588e-07 9.999999999999856781e-01 8.749999999999927836e-01
3.483552937319475888e-07 9.999999999999847899e-01 8.749999999999924505e-01
3.563504959882751952e-07 9.999999999999842348e-01 8.749999999999922284e-01
3.645291984246474197e-07 9.999999999999833467e-01 8.749999999999918954e-01
3.728956126063259580e-07 9.999999999999827915e-01 8.749999999999914513e-01
3.814540467594146718e-07 9.999999999999819034e-01 8.749999999999908962e-01
3.902089079893480387e-07 9.999999999999810152e-01 8.749999999999907851e-01
3.991647045503036999e-07 9.999999999999800160e-01 8.749999999999901190e-01
4.083260481666938755e-07 9.999999999999790168e-01 8.749999999999895639e-01
4.176976564079381170e-07 9.999999999999784617e-01 8.749999999999892308e-01
4.272843551177470761e-07 9.999999999999769074e-01 8.749999999999885647e-01
4.370910808991545954e-07 9.999999999999760192e-01 8.749999999999882316e-01
4.471228836565839670e-07 9.999999999999750200e-01 8.749999999999875655e-01
4.573849291962657623e-07 9.999999999999736877e-01 8.749999999999868994e-01
4.678825018863311976e-07 9.999999999999726885e-01 8.749999999999864553e-01
4.786210073779570401e-07 9.999999999999711342e-01 8.749999999999856781e-01
4.896059753889734234e-07 9.999999999999699130e-01 8.749999999999852340e-01
5.008430625513505472e-07 9.999999999999684697e-01 8.749999999999844569e-01
5.123380553240382038e-07 9.999999999999669154e-01 8.749999999999835687e-01
5.240968729726680207e-07 9.999999999999654721e-01 8.749999999999830136e-01
5.361255706176340262e-07 9.999999999999638067e-01 8.749999999999820144e-01
5.484303423521360191e-07 9.999999999999622524e-01 8.749999999999813483e-01
5.610175244317800693e-07 9.999999999999604761e-01 8.749999999999805711e-01
5.738935985373951709e-07 9.999999999999586997e-01 8.749999999999794609e-01
5.870651951127261247e-07 9.999999999999568123e-01 8.749999999999783507e-01
6.005390967787301750e-07 9.999999999999545919e-01 8.749999999999773515e-01
6.143222418262470640e-07 9.999999999999524825e-01 8.749999999999762412e-01
6.284217277888195786e-07 9.999999999999503730e-01 8.749999999999752420e-01
6.428448150975146159e-07 9.999999999999482636e-01 8.749999999999742428e-01
6.575989308196387324e-07 9.999999999999455991e-01 8.749999999999729106e-01
6.726916724832501906e-07 9.999999999999429345e-01 8.749999999999718003e-01
6.881308119894488174e-07 9.999999999999403810e-01 8.749999999999703570e-01
7.039242996144698839e-07 9.999999999999373834e-01 8.749999999999688027e-01
7.200802681036168978e-07 9.999999999999346079e-01 8.749999999999673594e-01
7.366070368591651833e-07 9.999999999999317213e-01 8.749999999999662492e-01
7.535131162243731013e-07 9.999999999999285016e-01 8.749999999999641398e-01
7.708072118658325251e-07 9.999999999999250599e-01 8.749999999999625855e-01
7.884982292563860546e-07 9.999999999999215072e-01 8.749999999999608091e-01
8.065952782609329000e-07 9.999999999999178435e-01 8.749999999999589217e-01
8.251076778274992545e-07 9.999999999999141798e-01 8.749999999999573674e-01
8.440449607859600973e-07 9.999999999999098499e-01 8.749999999999551470e-01
8.634168787568978311e-07 9.999999999999057421e-01 8.749999999999531486e-01
8.832334071731408657e-07 9.999999999999015232e-01 8.749999999999509281e-01
9.035047504165375402e-07 9.999999999998968603e-01 8.749999999999485967e-01
9.242413470726251729e-07 9.999999999998920863e-01 8.749999999999462652e-01
9.454538753059170266e-07 9.999999999998872013e-01 8.749999999999437117e-01
9.671532583585427875e-07 9.999999999998818723e-01 8.749999999999411582e-01
9.893506701750893304e-07 9.999999999998763212e-01 8.749999999999384936e-01
1.012057541156556304e-06 9.999999999998705480e-01 8.749999999999354960e-01
1.035285564046355152e-06 9.999999999998643307e-01 8.749999999999323874e-01
1.059046699951398246e-06 9.999999999998582245e-01 8.749999999999291678e-01
1.083353184501399967e-06 9.999999999998514522e-01 8.749999999999259481e-01
1.108217534149521546e-06 9.999999999998447908e-01 8.749999999999227285e-01
1.133652552617623692e-06 9.999999999998374633e-01 8.749999999999188427e-01
1.159671337489466446e-06 9.999999999998298028e-01 8.749999999999151790e-01
1.186287286955211143e-06 9.999999999998220312e-01 8.749999999999111822e-01
1.213514106710717431e-06 9.999999999998135936e-01 8.749999999999069633e-01
1.241365817015208130e-06 9.999999999998052669e-01 8.749999999999025224e-01
1.269856759910897179e-06 9.999999999997960520e-01 8.749999999998979705e-01
1.299001606608314791e-06 9.999999999997866151e-01 8.749999999998934186e-01
1.328815365041159692e-06 9.999999999997765121e-01 8.749999999998884226e-01
1.359313387594521221e-06 9.999999999997662981e-01 8.749999999998833156e-01
1.390511379010473934e-06 9.999999999997555289e-01 8.749999999998779865e-01
1.422425404475140342e-06 9.999999999997440936e-01 8.749999999998723244e-01
1.455071897891334112e-06 9.999999999997323252e-01 8.749999999998663291e-01
1.488467670341089003e-06 9.999999999997195577e-01 8.749999999998598899e-01
1.522629918742394669e-06 9.999999999997065681e-01 8.749999999998534506e-01
1.557576234704647449e-06 9.999999999996929123e-01 8.749999999998465672e-01
1.593324613587312192e-06 9.999999999996787015e-01 8.749999999998395728e-01
1.629893463766514373e-06 9.999999999996638245e-01 8.749999999998321343e-01
1.667301616114288719e-06 9.999999999996482813e-01 8.749999999998241407e-01
1.705568333695425518e-06 9.999999999996320721e-01 8.749999999998161471e-01
1.744713321686839258e-06 9.999999999996148636e-01 8.749999999998074873e-01
1.784756737524601303e-06 9.999999999995968780e-01 8.749999999997984945e-01
1.825719201283889901e-06 9.999999999995778932e-01 8.749999999997891686e-01
1.867621806297143000e-06 9.999999999995585753e-01 8.749999999997795097e-01
1.910486130015909443e-06 9.999999999995378142e-01 8.749999999997692957e-01
1.954334245122028328e-06 9.999999999995162758e-01 8.749999999997585265e-01
1.999188730893791120e-06 9.999999999994939603e-01 8.749999999997472022e-01
2.045072684832968524e-06 9.999999999994707567e-01 8.749999999997354339e-01
2.092009734558730452e-06 9.999999999994461097e-01 8.749999999997232214e-01
2.140024049974512827e-06 9.999999999994201305e-01 8.749999999997102318e-01
2.189140355714122775e-06 9.999999999993933741e-01 8.749999999996965760e-01
2.239383943873542526e-06 9.999999999993650635e-01 8.749999999996825872e-01
2.290780687034903773e-06 9.999999999993358646e-01 8.749999999996680433e-01
2.343357051589376997e-06 9.999999999993046673e-01 8.749999999996526112e-01
2.397140111365880768e-06 9.999999999992724709e-01 8.749999999996364020e-01
2.452157561572546100e-06 9.999999999992387201e-01 8.749999999996194155e-01
2.508437733058155551e-06 9.999999999992034150e-01 8.749999999996019850e-01
2.566009606900940228e-06 9.999999999991664446e-01 8.749999999995834443e-01
2.624902829332172068e-06 9.999999999991275867e-01 8.749999999995639044e-01
2.685147727002261942e-06 9.999999999990870636e-01 8.749999999995436983e-01
2.746775322597289260e-06 9.999999999990448751e-01 8.749999999995223821e-01
2.809817350813898520e-06 9.999999999990002442e-01 8.749999999995000666e-01
2.874306274700842523e-06 9.999999999989539479e-01 8.749999999994770850e-01
2.940275302375633297e-06 9.999999999989054311e-01 8.749999999994525490e-01
3.007758404124811273e-06 9.999999999988545829e-01 8.749999999994273470e-01
3.076790329896689711e-06 9.999999999988011812e-01 8.749999999994008126e-01
3.147406627195629602e-06 9.999999999987456700e-01 8.749999999993730571e-01
3.219643659386959096e-06 9.999999999986874943e-01 8.749999999993438582e-01
3.293538624422015347e-06 9.999999999986264321e-01 8.749999999993133271e-01
3.369129573993003915e-06 9.999999999985627053e-01 8.749999999992814637e-01
3.446455433127424634e-06 9.999999999984958698e-01 8.749999999992480459e-01
3.525556020232255469e-06 9.999999999984260368e-01 8.749999999992132960e-01
3.606472067598130735e-06 9.999999999983530952e-01 8.749999999991765476e-01
3.689245242374190969e-06 9.999999999982764898e-01 8.749999999991383559e-01
3.773918168024260115e-06 9.999999999981965537e-01 8.749999999990981658e-01
3.860534446275513078e-06 9.999999999981128429e-01 8.749999999990566435e-01
3.949138679570845397e-06 9.999999999980252463e-01 8.749999999990125676e-01
4.039776494036636208e-06 9.999999999979333198e-01 8.749999999989667154e-01
4.132494562977577877e-06 9.999999999978375076e-01 8.749999999989187538e-01
4.227340630910739522e-06 9.999999999977370324e-01 8.749999999988684607e-01
4.324363538151319181e-06 9.999999999976318943e-01 8.749999999988159471e-01
4.423613245962598697e-06 9.999999999975219822e-01 8.749999999987609911e-01
4.525140862283113441e-06 9.999999999974067411e-01 8.749999999987035926e-01
4.628998668044383571e-06 9.999999999972862819e-01 8.749999999986433075e-01
4.735240144092582324e-06 9.999999999971606046e-01 8.749999999985804688e-01
4.843919998728091971e-06 9.999999999970287101e-01 8.749999999985142995e-01
4.955094195877219097e-06 9.999999999968907094e-01 8.749999999984453547e-01
5.068819983910391680e-06 9.999999999967462694e-01 8.749999999983730792e-01
5.185155925121777952e-06 9.999999999965952791e-01 8.749999999982976950e-01
5.304161925885584618e-06 9.999999999964370723e-01 8.749999999982186472e-01
5.425899267504395410e-06 9.999999999962718711e-01 8.749999999981359355e-01
5.550430637765512279e-06 9.999999999960984542e-01 8.749999999980495602e-01
5.677820163221656305e-06 9.999999999959171548e-01 8.749999999979586329e-01
5.808133442212452276e-06 9.999999999957277508e-01 8.749999999978637089e-01
5.941437578643796000e-06 9.999999999955292429e-01 8.749999999977647880e-01
6.077801216542609126e-06 9.999999999953217422e-01 8.749999999976608711e-01
6.217294575404563345e-06 9.999999999951045826e-01 8.749999999975525133e-01
6.359989486353075802e-06 9.999999999948773199e-01 8.749999999974387155e-01
6.505959429128318026e-06 9.999999999946395102e-01 8.749999999973196996e-01
6.655279569925052669e-06 9.999999999943905982e-01 8.749999999971952436e-01
6.808026800098896704e-06 9.999999999941301398e-01 8.749999999970651254e-01
6.964279775761061195e-06 9.999999999938574691e-01 8.749999999969290121e-01
7.124118958281728725e-06 9.999999999935724748e-01 8.749999999967864595e-01
7.287626655723018144e-06 9.999999999932738248e-01 8.749999999966372455e-01
7.454887065223035171e-06 9.999999999929615191e-01 8.749999999964808151e-01
7.625986316352550611e-06 9.999999999926346694e-01 8.749999999963176123e-01
7.801012515466768639e-06 9.999999999922927207e-01 8.749999999961465269e-01
7.980055791075167697e-06 9.999999999919350069e-01 8.749999999959675590e-01
8.163208340252498205e-06 9.999999999915605287e-01 8.749999999957802643e-01
8.350564476114965694e-06 9.999999999911685089e-01 8.749999999955843100e-01
8.542220676386207392e-06 9.999999999907583925e-01 8.749999999953792518e-01
8.738275633077744774e-06 9.999999999903296244e-01 8.749999999951650898e-01
8.938830303309783023e-06 9.999999999898804282e-01 8.749999999949403806e-01
9.143987961298291850e-06 9.999999999894103597e-01 8.749999999947054574e-01
9.353854251535443924e-06 9.999999999889190860e-01 8.749999999944596540e-01
9.568537243190438049e-06 9.999999999884043866e-01 8.749999999942023043e-01
9.788147485758986121e-06 9.999999999878660395e-01 8.749999999939331863e-01
1.001279806598992079e-05 9.999999999873026013e-01 8.749999999936513007e-01
1.024260466611854795e-05 9.999999999867131839e-01 8.749999999933567585e-01
1.047768562343632585e-05 9.999999999860962330e-01 8.749999999930483385e-01
1.071816199122777395e-05 9.999999999854507493e-01 8.749999999927254857e-01
1.096415760110611949e-05 9.999999999847752896e-01 8.749999999923877558e-01
1.121579912677946920e-05 9.999999999840682996e-01 8.749999999920341498e-01
1.147321614928045910e-05 9.999999999833287800e-01 8.749999999916643345e-01
1.173654122369324345e-05 9.999999999825545105e-01 8.749999999912774218e-01
1.200590994741173285e-05 9.999999999817447138e-01 8.749999999908723014e-01
1.228146102996443515e-05 9.999999999808968365e-01 8.749999999904486403e-01
1.256333636444211122e-05 9.999999999800101014e-01 8.749999999900052172e-01
1.285168110056454129e-05 9.999999999790816219e-01 8.749999999895410330e-01
1.314664371942427407e-05 9.999999999781107318e-01 8.749999999890555324e-01
1.344837610994607853e-05 9.999999999770943226e-01 8.749999999885470503e-01
1.375703364710100226e-05 9.999999999760308400e-01 8.749999999880153645e-01
1.407277527191552651e-05 9.999999999749178414e-01 8.749999999874589207e-01
1.439576357331730721e-05 9.999999999737533285e-01 8.749999999868768308e-01
1.472616487185910473e-05 9.999999999725348587e-01 8.749999999862676514e-01
1.506414930536430117e-05 9.999999999712594345e-01 8.749999999856298283e-01
1.540989091653835225e-05 9.999999999699253905e-01 8.749999999849628063e-01
1.576356774259075828e-05 9.999999999685285079e-01 8.749999999842643650e-01
1.612536190691398868e-05 9.999999999670674544e-01 8.749999999835339493e-01
1.649545971286681397e-05 9.999999999655383442e-01 8.749999999827692276e-01
1.687405173970983171e-05 9.999999999639384018e-01 8.749999999819693119e-01
1.726133294074280879e-05 9.999999999622640745e-01 8.749999999811319817e-01
1.765750274369470447e-05 9.999999999605119205e-01 8.749999999802561268e-01
1.806276515341749089e-05 9.999999999586786092e-01 8.749999999793394156e-01
1.847732885693689357e-05 9.999999999567601439e-01 8.749999999783799609e-01
1.890140733091452973e-05 9.999999999547525276e-01 8.749999999773763193e-01
1.933521895157610162e-05 9.999999999526517636e-01 8.749999999763259373e-01
1.977898710716254540e-05 9.999999999504534109e-01 8.749999999752269275e-01
2.023294031296266521e-05 9.999999999481526958e-01 8.749999999740764034e-01
2.069731232898495263e-05 9.999999999457456212e-01 8.749999999728728106e-01
2.117234228033088896e-05 9.999999999432268583e-01 8.749999999716132626e-01
2.165827478033101138e-05 9.999999999405906337e-01 8.749999999702953168e-01
2.215536005650628815e-05 9.999999999378323956e-01 8.749999999689161978e-01
2.266385407942129464e-05 9.999999999349460378e-01 8.749999999674729079e-01
2.318401869449471692e-05 9.999999999319255650e-01 8.749999999659626715e-01
2.371612175683427448e-05 9.999999999287649821e-01 8.749999999643822690e-01
2.426043726916706734e-05 9.999999999254577387e-01 8.749999999627288139e-01
2.481724552293568164e-05 9.999999999219967295e-01 8.749999999609983092e-01
2.538683324263163148e-05 9.999999999183751820e-01 8.749999999591873134e-01
2.596949373344267483e-05 9.999999999145849916e-01 8.749999999572923848e-01
2.656552703228805794e-05 9.999999999106193860e-01 8.749999999553097485e-01
2.717524006232025567e-05 9.999999999064694833e-01 8.749999999532346306e-01
2.779894679097319135e-05 9.999999999021268460e-01 8.749999999510633675e-01
2.843696839163743466e-05 9.999999998975827031e-01 8.749999999487910740e-01
2.908963340904596306e-05 9.999999998928276179e-01 8.749999999464136424e-01
2.975727792845633485e-05 9.999999998878517093e-01 8.749999999439255216e-01
3.044024574871524467e-05 9.999999998826446523e-01 8.749999999413221596e-01
3.113888855929513829e-05 9.999999998771957888e-01 8.749999999385976723e-01
3.185356612139458995e-05 9.999999998714943494e-01 8.749999999357467306e-01
3.258464645319462992e-05 9.999999998655277889e-01 8.749999999327637834e-01
3.333250601936691657e-05 9.999999998592841166e-01 8.749999999296419473e-01
3.409752992493195455e-05 9.999999998527512313e-01 8.749999999263751160e-01
3.488011211356602828e-05 9.999999998459144779e-01 8.749999999229568504e-01
3.568065557045950773e-05 9.999999998387600897e-01 8.749999999193797118e-01
3.649957252983166025e-05 9.999999998312739669e-01 8.749999999156364838e-01
3.733728468720754932e-05 9.999999998234402332e-01 8.749999999117196170e-01
3.819422341656695852e-05 9.999999998152426794e-01 8.749999999076207846e-01
3.907082999247783321e-05 9.999999998066643192e-01 8.749999999033316600e-01
3.996755581732727502e-05 9.999999997976881660e-01 8.749999998988433614e-01
4.088486265376779940e-05 9.999999997882947911e-01 8.749999998941467849e-01
4.182322286249925709e-05 9.999999997784655426e-01 8.749999998892321607e-01
4.278311964550737568e-05 9.999999997681799924e-01 8.749999998840891635e-01
4.376504729488499366e-05 9.999999997574169353e-01 8.749999998787074684e-01
4.476951144736480379e-05 9.999999997461537227e-01 8.749999998730758621e-01
4.579702934469316789e-05 9.999999997343677061e-01 8.749999998671830204e-01
4.684813009997973552e-05 9.999999997220347936e-01 8.749999998610162866e-01
4.792335497016156310e-05 9.999999997091290060e-01 8.749999998545633373e-01
4.902325763471832270e-05 9.999999996956241421e-01 8.749999998478107388e-01
5.014840448078622121e-05 9.999999996814922243e-01 8.749999998407445023e-01
5.129937489481566928e-05 9.999999996667043867e-01 8.749999998333506390e-01
5.247676156092106607e-05 9.999999996512294320e-01 8.749999998256132727e-01
5.368117076607988909e-05 9.999999996350366072e-01 8.749999998175164162e-01
5.491322271233658369e-05 9.999999996180916062e-01 8.749999998090438602e-01
5.617355183616992552e-05 9.999999996003599012e-01 8.749999998001779522e-01
5.746280713519226626e-05 9.999999995818050769e-01 8.749999997909002625e-01
5.878165250234699960e-05 9.999999995623884974e-01 8.749999997811921393e-01
6.013076706777404029e-05 9.999999995420706389e-01 8.749999997710329325e-01
6.151084554852439840e-05 9.999999995208094239e-01 8.749999997604018809e-01
6.292259860629938108e-05 9.999999994985608875e-01 8.749999997492775572e-01
6.436675321340043705e-05 9.999999994752796217e-01 8.749999997376366467e-01
6.584405302707918941e-05 9.999999994509172208e-01 8.749999997254551687e-01
6.735525877247813093e-05 9.999999994254240576e-01 8.749999997127084761e-01
6.890114863436028214e-05 9.999999993987468416e-01 8.749999996993695905e-01
7.048251865783073441e-05 9.999999993708312829e-01 8.749999996854117557e-01
7.210018315825413840e-05 9.999999993416195387e-01 8.749999996708054395e-01
7.375497514058015349e-05 9.999999993110515462e-01 8.749999996555212212e-01
7.544774672829441706e-05 9.999999992790643555e-01 8.749999996395272372e-01
7.717936960221306658e-05 9.999999992455920195e-01 8.749999996227907362e-01
7.895073544934819881e-05 9.999999992105655933e-01 8.749999996052771900e-01
8.076275642207671917e-05 9.999999991739129124e-01 8.749999995869505165e-01
8.261636560784636220e-05 9.999999991355584816e-01 8.749999995677723019e-01
8.451251750966200205e-05 9.999999990954231421e-01 8.749999995477046877e-01
8.645218853760121280e-05 9.999999990534246264e-01 8.749999995267049302e-01
8.843637751160931257e-05 9.999999990094761149e-01 8.749999995047300638e-01
9.046610617583414056e-05 9.999999989634871245e-01 8.749999994817349025e-01
9.254241972476700965e-05 9.999999989153629532e-01 8.749999994576722617e-01
9.466638734145780881e-05 9.999999988650044580e-01 8.749999994324924035e-01
9.683910274808267831e-05 9.999999988123076111e-01 8.749999994061434805e-01
9.906168476914967397e-05 9.999999987571642768e-01 8.749999993785709806e-01
1.013352779076289345e-04 9.999999986994607681e-01 8.749999993497185047e-01
1.036610529343062937e-04 9.999999986390781803e-01 8.749999993195262116e-01
1.060402074906636831e-04 9.999999985758918353e-01 8.749999992879324839e-01
1.084739667055965162e-04 9.999999985097721700e-01 8.749999992548717076e-01
1.109635838262844917e-04 9.999999984405826270e-01 8.749999992202754928e-01
1.135103408635428112e-04 9.999999983681804316e-01 8.749999991840736735e-01
1.161155492519848722e-04 9.999999982924167030e-01 8.749999991461905324e-01
1.187805505253355758e-04 9.999999982131355658e-01 8.749999991065487981e-01
1.215067170072455806e-04 9.999999981301735952e-01 8.749999990650665360e-01
1.242954525179588835e-04 9.999999980433597058e-01 8.749999990216580370e-01
1.271481930972004706e-04 9.999999979525149296e-01 8.749999989762344832e-01
1.300664077436553521e-04 9.999999978574524162e-01 8.749999989287017277e-01
1.330515991714182884e-04 9.999999977579765442e-01 8.749999988789619598e-01
1.361053045838061734e-04 9.999999976538818114e-01 8.749999988269127060e-01
1.392290964649305172e-04 9.999999975449543888e-01 8.749999987724470518e-01
1.424245833894361693e-04 9.999999974309694561e-01 8.749999987154527537e-01
1.456934108508264934e-04 9.999999973116923124e-01 8.749999986558119058e-01
1.490372621087978039e-04 9.999999971868774873e-01 8.749999985934023838e-01
1.524578590560224107e-04 9.999999970562676310e-01 8.749999985280947357e-01
1.559569631048257177e-04 9.999999969195936256e-01 8.749999984597550684e-01
1.595363760942121142e-04 9.999999967765740294e-01 8.749999983882427168e-01
1.631979412177096906e-04 9.999999966269143004e-01 8.749999983134096881e-01
1.669435439725103915e-04 9.999999964703061295e-01 8.749999982351025496e-01
1.707751131303924413e-04 9.999999963064266639e-01 8.749999981531593196e-01
1.746946217309283558e-04 9.999999961349389510e-01 8.749999980674120215e-01
1.787040880974882773e-04 9.999999959554888296e-01 8.749999979776830195e-01
1.828055768765601613e-04 9.999999957677073725e-01 8.749999978837881276e-01
1.870012001009263688e-04 9.999999955712075561e-01 8.749999977855339450e-01
1.912931182772388463e-04 9.999999953655844820e-01 8.749999976827178561e-01
1.956835414985573821e-04 9.999999951504142670e-01 8.749999975751278081e-01
2.001747305824219637e-04 9.999999949252543763e-01 8.749999974625424226e-01
2.047689982350438351e-04 9.999999946896407366e-01 8.749999973447301072e-01
2.094687102422176938e-04 9.999999944430877363e-01 8.749999972214477229e-01
2.142762866875672198e-04 9.999999941850877816e-01 8.749999970924412507e-01
2.191942031987487909e-04 9.999999939151090755e-01 8.749999969574453473e-01
2.242249922222591348e-04 9.999999936325957295e-01 8.749999968161815689e-01
2.293712443275015053e-04 9.999999933369657645e-01 8.749999966683589259e-01
2.346356095407795776e-04 9.999999930276103344e-01 8.749999965136731062e-01
2.400207987099117898e-04 9.999999927038918379e-01 8.749999963518049206e-01
2.455295849001615347e-04 9.999999923651435862e-01 8.749999961824219685e-01
2.511648048222083992e-04 9.999999920106680262e-01 8.749999960051741965e-01
2.569293602928932095e-04 9.999999916397344091e-01 8.749999958196973404e-01
2.628262197294864173e-04 9.999999912515791234e-01 8.749999956256083733e-01
2.688584196782548420e-04 9.999999908454023645e-01 8.749999954225081700e-01
2.750290663781100793e-04 9.999999904203674683e-01 8.749999952099785094e-01
2.813413373601430243e-04 9.999999899755989130e-01 8.749999949875807426e-01
2.877984830838729510e-04 9.999999895101803205e-01 8.749999947548575685e-01
2.944038286110470118e-04 9.999999890231534572e-01 8.749999945113290378e-01
3.011607753178581156e-04 9.999999885135142375e-01 8.749999942564935518e-01
3.080728026464606899e-04 9.999999879802137226e-01 8.749999939898264190e-01
3.151434698966829127e-04 9.999999874221530138e-01 8.749999937107778569e-01
3.223764180588642512e-04 9.999999868381821422e-01 8.749999934187735473e-01
3.297753716887586351e-04 9.999999862270985140e-01 8.749999931132113051e-01
3.373441408254663067e-04 9.999999855876432475e-01 8.749999927934621891e-01
3.450866229533876956e-04 9.999999849184995071e-01 8.749999924588675038e-01
3.530068050092065399e-04 9.999999842182881737e-01 8.749999921087376897e-01
3.611087654349323553e-04 9.999999834855674008e-01 8.749999917423517681e-01
3.693966762780685645e-04 9.999999827188275070e-01 8.749999913589545653e-01
3.778748053399761785e-04 9.999999819164894221e-01 8.749999909577566015e-01
3.865475183735492693e-04 9.999999810768998021e-01 8.749999905379310938e-01
3.954192813313299124e-04 9.999999801983294745e-01 8.749999900986131784e-01
4.044946626652165707e-04 9.999999792789687758e-01 8.749999896388984677e-01
4.137783356789575661e-04 9.999999783169235545e-01 8.749999891578393862e-01
4.232750809346371140e-04 9.999999773102122846e-01 8.749999886544449490e-01
4.329897887143895324e-04 9.999999762567608474e-01 8.749999881276780966e-01
4.429274615386170812e-04 9.999999751543995341e-01 8.749999875764541413e-01
4.530932167420037462e-04 9.999999740008576055e-01 8.749999869996371027e-01
4.634922891086477479e-04 9.999999727937585181e-01 8.749999863960385982e-01
4.741300335676803895e-04 9.999999715306158166e-01 8.749999857644155110e-01
4.850119279507459020e-04 9.999999702088275821e-01 8.749999851034666598e-01
4.961435758127735436e-04 9.999999688256708819e-01 8.749999844118304670e-01
5.075307093174903379e-04 9.999999673782965504e-01 8.749999836880818505e-01
5.191791921891556871e-04 9.999999658637228617e-01 8.749999829307301136e-01
5.310950227320461545e-04 9.999999642788298670e-01 8.749999821382149490e-01
5.432843369192414187e-04 9.999999626203533998e-01 8.749999813089039957e-01
5.557534115522972090e-04 9.999999608848763044e-01 8.749999804410883986e-01
5.685086674934443189e-04 9.999999590688234408e-01 8.749999795329809205e-01
5.815566729719622279e-04 9.999999571684544675e-01 8.749999785827101695e-01
5.949041469664443802e-04 9.999999551798544051e-01 8.749999775883194886e-01
6.085579626646909308e-04 9.999999530989270857e-01 8.749999765477595171e-01
6.225251510030043378e-04 9.999999509213853832e-01 8.749999754588873024e-01
6.368129042867230315e-04 9.999999486427434414e-01 8.749999743194594171e-01
6.514285798938498559e-04 9.999999462583083476e-01 8.749999731271284054e-01
6.663797040636780565e-04 9.999999437631669208e-01 8.749999718794381209e-01
6.816739757723778732e-04 9.999999411521803827e-01 8.749999705738183975e-01
6.973192706975315115e-04 9.999999384199693697e-01 8.749999692075798308e-01
7.133236452736534941e-04 9.999999355609062723e-01 8.749999677779073393e-01
7.296953408408003933e-04 9.999999325691009133e-01 8.749999662818562784e-01
7.464427878883856575e-04 9.999999294383903337e-01 8.749999647163443361e-01
7.635746103964034977e-04 9.999999261623252478e-01 8.749999630781467586e-01
7.810996302762882428e-04 9.999999227341573871e-01 8.749999613638886897e-01
7.990268719136918441e-04 9.999999191468247339e-01 8.749999595700386212e-01
8.173655668155292101e-04 9.999999153929368667e-01 8.749999576929009537e-01
8.361251583636807386e-04 9.999999114647616372e-01 8.749999557286093355e-01
8.553153066777893299e-04 9.999999073542060746e-01 8.749999536731164484e-01
8.749458935896779668e-04 9.999999030528030630e-01 8.749999515221882351e-01
8.950270277319229400e-04 9.999998985516919126e-01 8.749999492713941285e-01
9.155690497432265483e-04 9.999998938415998184e-01 8.749999469160965049e-01
9.365825375932579269e-04 9.999998889128236534e-01 8.749999444514440228e-01
9.580783120296995073e-04 9.999998837552114272e-01 8.749999418723591882e-01
9.800674421503168410e-04 9.999998783581370843e-01 8.749999391735289178e-01
1.002561251102915057e-03 9.999998727104836282e-01 8.749999363493935478e-01
1.025571321916113419e-03 9.999998668006160329e-01 8.749999333941350654e-01
1.049109503463936449e-03 9.999998606163601478e-01 8.749999303016656738e-01
1.073187916567321359e-03 9.999998541449764966e-01 8.749999270656146910e-01
1.097818960235642707e-03 9.999998473731336324e-01 8.749999236793161161e-01
1.123015318051489003e-03 9.999998402868818248e-01 8.749999201357930856e-01
1.148789964701997209e-03 9.999998328716224183e-01 8.749999164277459940e-01
1.175156172660069302e-03 9.999998251120808535e-01 8.749999125475368400e-01
1.202127519018933400e-03 9.999998169922716951e-01 8.749999084871716848e-01
1.229717892483584828e-03 9.999998084954676569e-01 8.749999042382855530e-01
1.257941500522670886e-03 9.999997996041655179e-01 8.749998997921261124e-01
1.286812876684518625e-03 9.999997903000488186e-01 8.749998951395338009e-01
1.316346888081099250e-03 9.999997805639504467e-01 8.749998902709242854e-01
1.346558743043734484e-03 9.999997703758137790e-01 8.749998851762673668e-01
1.377463998954511987e-03 9.999997597146509376e-01 8.749998798450682180e-01
1.409078570257465838e-03 9.999997485584994905e-01 8.749998742663445128e-01
1.441418736653599748e-03 9.999997368843773771e-01 8.749998684286028894e-01
1.474501151483995510e-03 9.999997246682350571e-01 8.749998623198179670e-01
1.508342850305351059e-03 9.999997118849067723e-01 8.749998559274051457e-01
1.542961259662308611e-03 9.999996985080584766e-01 8.749998492381955151e-01
1.578374206061138648e-03 9.999996845101334353e-01 8.749998422384089869e-01
1.614599925149359230e-03 9.999996698622943825e-01 8.749998349136255404e-01
1.651657071106074756e-03 9.999996545343663445e-01 8.749998272487559126e-01
1.689564726247804686e-03 9.999996384947729133e-01 8.749998192280096232e-01
1.728342410854777182e-03 9.999996217104718532e-01 8.749998108348632231e-01
1.768010093222780821e-03 9.999996041468862673e-01 8.749998020520265429e-01
1.808588199945688124e-03 9.999995857678342093e-01 8.749997928614065001e-01
1.850097626433974988e-03 9.999995665354535213e-01 8.749997832440694623e-01
1.892559747674687175e-03 9.999995464101251175e-01 8.749997731802030554e-01
1.935996429238328632e-03 9.999995253503883852e-01 8.749997626490754188e-01
1.980430038538371317e-03 9.999995033128594724e-01 8.749997516289907962e-01
2.025883456349221023e-03 9.999994802521395831e-01 8.749997400972476802e-01
2.072380088588498918e-03 9.999994561207227184e-01 8.749997280300895186e-01
2.119943878369741960e-03 9.999994308688959777e-01 8.749997154026569746e-01
2.168599318331766116e-03 9.999994044446387509e-01 8.749997021889365234e-01
2.218371463250965164e-03 9.999993767935158040e-01 8.749996883617067178e-01
2.269285942943077578e-03 9.999993478585638140e-01 8.749996738924824546e-01
2.321368975461108892e-03 9.999993175801752399e-01 8.749996587514555779e-01
2.374647380596112047e-03 9.999992858959739772e-01 8.749996429074345938e-01
2.429148593687863091e-03 9.999992527406886822e-01 8.749996263277792785e-01
2.484900679752474317e-03 9.999992180460177682e-01 8.749996089783333986e-01
2.541932347934306152e-03 9.999991817404874084e-01 8.749995908233557662e-01
2.600272966289527386e-03 9.999991437493059854e-01 8.749995718254454102e-01
2.659952576908968663e-03 9.999991039942095483e-01 8.749995519454647486e-01
2.721001911388120590e-03 9.999990623933000533e-01 8.749995311424587641e-01
2.783452406652136939e-03 9.999990188608767205e-01 8.749995093735707385e-01
2.847336221144038202e-03 9.999989733072603970e-01 8.749994865939551003e-01
2.912686251384511999e-03 9.999989256386083714e-01 8.749994627566822780e-01
2.979536148911727644e-03 9.999988757567194186e-01 8.749994378126454420e-01
3.047920337609939107e-03 9.999988235588355145e-01 8.749994117104563651e-01
3.117874031435860505e-03 9.999987689374251199e-01 8.749993843963416174e-01
3.189433252551824704e-03 9.999987117799654657e-01 8.749993558140304328e-01
3.262634849875125503e-03 9.999986519687096287e-01 8.749993259046392469e-01
3.337516518053145094e-03 9.999985893804438364e-01 8.749992946065510147e-01
3.414116816873928768e-03 9.999985238862326709e-01 8.749992618552869805e-01
3.492475191122255702e-03 9.999984553511557239e-01 8.749992275833750055e-01
3.572631990891494882e-03 9.999983836340285981e-01 8.749991917202095681e-01
3.654628492361572997e-03 9.999983085871104738e-01 8.749991541919073246e-01
3.738506919053868546e-03 9.999982300558027948e-01 8.749991149211536756e-01
3.824310463573886345e-03 9.999981478783286359e-01 8.749990738270443380e-01
3.912083309853030613e-03 9.999980618854000802e-01 8.749990308249188109e-01
4.001870655900787062e-03 9.999979718998698308e-01 8.749989858261851827e-01
4.093718737079097940e-03 9.999978777363658367e-01 8.749989387381376105e-01
4.187674849910979873e-03 9.999977792009108191e-01 8.749988894637658055e-01
4.283787376435516277e-03 9.999976760905194828e-01 8.749988379015557483e-01
4.382105809121818879e-03 9.999975681927848470e-01 8.749987839452779692e-01
4.482680776354879860e-03 9.999974552854370424e-01 8.749987274837720541e-01
4.585564068506273877e-03 9.999973371358877872e-01 8.749986684007148297e-01
4.690808664603222586e-03 9.999972135007495488e-01 8.749986065743823316e-01
4.798468759609821402e-03 9.999970841253366105e-01 8.749985418773982282e-01
4.908599792334332294e-03 9.999969487431374926e-01 8.749984741764711416e-01
5.021258473976975521e-03 9.999968070752689453e-01 8.749984033321209775e-01
5.136502817333022698e-03 9.999966588298997427e-01 8.749983291983894906e-01
5.254392166666046506e-03 9.999965037016503855e-01 8.749982516225426332e-01
5.374987228266805105e-03 9.999963413709637150e-01 8.749981704447526987e-01
5.498350101713575869e-03 9.999961715034472176e-01 8.749980854977704725e-01
5.624544311849868396e-03 9.999959937491837980e-01 8.749979966065801751e-01
5.753634841496061726e-03 9.999958077420123548e-01 8.749979035880393052e-01
5.885688164911916619e-03 9.999956130987717184e-01 8.749978062505000542e-01
6.020772282026983120e-03 9.999954094185138365e-01 8.749977043934159537e-01
6.158956753456711238e-03 9.999951962816758799e-01 8.749975978069264304e-01
6.300312736322145370e-03 9.999949732492176002e-01 8.749974862714269275e-01
6.444913020891863790e-03 9.999947398617172745e-01 8.749973695571129362e-01
6.592832068064775897e-03 9.999944956384249073e-01 8.749972474235094833e-01
6.744146047713196583e-03 9.999942400762722450e-01 8.749971196189738620e-01
6.898932877906066401e-03 9.999939726488370484e-01 8.749969858801762701e-01
7.057272265032275491e-03 9.999936928052601814e-01 8.749968459315594638e-01
7.219245744844861139e-03 9.999933999691092978e-01 8.749966994847682145e-01
7.384936724447357069e-03 9.999930935371935670e-01 8.749965462380555614e-01
7.554430525243653258e-03 9.999927728783201131e-01 8.749963858756617530e-01
7.727814426873603690e-03 9.999924373319963866e-01 8.749962180671619905e-01
7.905177712157155506e-03 9.999920862070688088e-01 8.749960424667864167e-01
8.086611713069864066e-03 9.999917187802987995e-01 8.749958587127055765e-01
8.272209857773603001e-03 9.999913342948768546e-01 8.749956664262864559e-01
8.462067718726829987e-03 9.999909319588610179e-01 8.749954652113103304e-01
8.656283061898912071e-03 9.999905109435489603e-01 8.749952546531565289e-01
8.854955897113962401e-03 9.999900703817697911e-01 8.749950343179465628e-01
9.058188529550309856e-03 9.999896093661001517e-01 8.749948037516511734e-01
9.266085612421747289e-03 9.999891269469973754e-01 8.749945624791520826e-01
9.478754200868015622e-03 9.999886221308407208e-01 8.749943100032638865e-01
9.696303807082015669e-03 9.999880938778908934e-01 8.749940458037067659e-01
9.918846456702452158e-03 9.999875411001458714e-01 8.749937693360358981e-01
1.014649674650059188e-02 9.999869626591046945e-01 8.749934800305169125e-01
1.037937190339100792e-02 9.999863573634211189e-01 8.749931772909504968e-01
1.061759184479687396e-02 9.999857239664534658e-01 8.749928604934444909e-01
1.086127924040053080e-02 9.999850611636978970e-01 8.749925289851239185e-01
1.111055957531131844e-02 9.999843675901047835e-01 8.749921820827883945e-01
1.136556121468338190e-02 9.999836406828543911e-01 8.749918190714978117e-01
1.162641546981632752e-02 9.999828811746425128e-01 8.749914392031011845e-01
1.189325666577299365e-02 9.999820864069706161e-01 8.749910416946914404e-01
1.216622221054933228e-02 9.999812547431272680e-01 8.749906257269892684e-01
1.244545266583161995e-02 9.999803844704431288e-01 8.749901904426545807e-01
1.273109181937763165e-02 9.999794737967661051e-01 8.749897349445155958e-01
1.302328675905928962e-02 9.999785208467735220e-01 8.749892582937170982e-01
1.332218794860444595e-02 9.999775236422063784e-01 8.749887595077844304e-01
1.362794930507705074e-02 9.999764801609206666e-01 8.749882375585940064e-01
1.394072827813580551e-02 9.999753882388351389e-01 8.749876913702513415e-01
1.426068593111166731e-02 9.999742456275385605e-01 8.749871198168698294e-01
1.458798702394632080e-02 9.999730499742873757e-01 8.749865217202477119e-01
1.492280009803403570e-02 9.999717988171669125e-01 8.749858958474329151e-01
1.526529756301105330e-02 9.999704895800279880e-01 8.749852409081791960e-01
1.561565578553662272e-02 9.999691195671909227e-01 8.749845555522804963e-01
1.597405518011167647e-02 9.999676859578991994e-01 8.749838383667823960e-01
1.634068030198220292e-02 9.999661858005244319e-01 8.749830878730642247e-01
1.671571994217457141e-02 9.999646160064952216e-01 8.749823025237837282e-01
1.709936722471203444e-02 9.999629733439487911e-01 8.749814806996810690e-01
1.749181970606280417e-02 9.999612544310882978e-01 8.749806207062326147e-01
1.789327947687024967e-02 9.999594557292307284e-01 8.749797207701498492e-01
1.830395326601795200e-02 9.999575735355356043e-01 8.749787790357136386e-01
1.872405254708349800e-02 9.999556039608786806e-01 8.749777935609395207e-01
1.915379364723520522e-02 9.999535429794579322e-01 8.749767623135626948e-01
1.959339785862816014e-02 9.999513863348478138e-01 8.749756831668366042e-01
2.004309155235728390e-02 9.999491295878797370e-01 8.749745538951355650e-01
2.050310629502542434e-02 9.999467680934959191e-01 8.749733721693504496e-01
2.097367896798682518e-02 9.999442969912055723e-01 8.749721355520743149e-01
2.145505188932774962e-02 9.999417111951075521e-01 8.749708414925571054e-01
2.194747293864631604e-02 9.999390053834427139e-01 8.749694873214300950e-01
2.245119568469643861e-02 9.999361739876720945e-01 8.749680702451805292e-01
2.296647951596108780e-02 9.999332111810435020e-01 8.749665873403724703e-01
2.349358977422284084e-02 9.999301108666356352e-01 8.749650355475916408e-01
2.403279789119963303e-02 9.999268666648430948e-01 8.749634116651139326e-01
2.458438152831645546e-02 9.999234719002881855e-01 8.749617123422739340e-01
2.514862471968544455e-02 9.999199195881268709e-01 8.749599340725257024e-01
2.572581801836711438e-02 9.999162024197205678e-01 8.749580731861763550e-01
2.631625864598843845e-02 9.999123127476519102e-01 8.749561258427855925e-01
2.692025064579536484e-02 9.999082425700375198e-01 8.749540880232038464e-01
2.753810503921757039e-02 9.999039835141307897e-01 8.749519555212408317e-01
2.817013998602660788e-02 9.998995268191591679e-01 8.749497239349446343e-01
2.881668094817035897e-02 9.998948633183699641e-01 8.749473886574726800e-01
2.947806085736722620e-02 9.998899834202522596e-01 8.749449448675341579e-01
3.015462028654678286e-02 9.998848770888904003e-01 8.749423875193850231e-01
3.084670762522576104e-02 9.998795338234119923e-01 8.749397113323584829e-01
3.155467925890863279e-02 9.998739426364900984e-01 8.749369107798967704e-01
3.227889975260557487e-02 9.998680920318557819e-01 8.749339800780793208e-01
3.301974203856310186e-02 9.998619699807703709e-01 8.749309131736032752e-01
3.377758760830264217e-02 9.998555638974210291e-01 8.749277037312082062e-01
3.455282670906677234e-02 9.998488606131811229e-01 8.749243451205053201e-01
3.534585854477464290e-02 9.998418463496843156e-01 8.749208304021934834e-01
3.615709148158898628e-02 9.998345066906668688e-01 8.749171523136229922e-01
3.698694325820153783e-02 9.998268265525078746e-01 8.749133032536876575e-01
3.783584120094431180e-02 9.998187901534212330e-01 8.749092752670003525e-01
3.870422244383877469e-02 9.998103809812317611e-01 8.749050600273318157e-01
3.959253415369468759e-02 9.998015817596697108e-01 8.749006488202647480e-01
4.050123376037526035e-02 9.997923744131202994e-01 8.748960325250372261e-01
4.143078919234795265e-02 9.997827400297590872e-01 8.748912015955275789e-01
4.238167911764065959e-02 9.997726588229892686e-01 8.748861460403475343e-01
4.335439319032824423e-02 9.997621100911237013e-01 8.748808554019966710e-01
4.434943230267689857e-02 9.997510721752065344e-01 8.748753187350333249e-01
4.536730884307491746e-02 9.997395224149180359e-01 8.748695245832196488e-01
4.640854695988314016e-02 9.997274371024539308e-01 8.748634609555857589e-01
4.747368283134206779e-02 9.997147914342967567e-01 8.748571153013676716e-01
4.856326494167276936e-02 9.997015594607846500e-01 8.748504744837585223e-01
4.967785436351467715e-02 9.996877140333816358e-01 8.748435247524242175e-01
5.081802504684660576e-02 9.996732267495312962e-01 8.748362517147165729e-01
5.198436411453793288e-02 9.996580678950074406e-01 8.748286403055280935e-01
5.317747216468309696e-02 9.996422063836314376e-01 8.748206747557195628e-01
5.439796357987596725e-02 9.996256096942436331e-01 8.748123385590528267e-01
5.564646684358142553e-02 9.996082438048096153e-01 8.748036144375589407e-01
5.692362486376872921e-02 9.995900731235324299e-01 8.747944843052638531e-01
5.823009530397196820e-02 9.995710604168307478e-01 8.747849292301950186e-01
5.956655092194998447e-02 9.995511667340503115e-01 8.747749293945835669e-01
6.093367991611790130e-02 9.995303513287673303e-01 8.747644640531807569e-01
6.233218627992966054e-02 9.995085715765118506e-01 8.747535110362758548e-01
6.376279016439526104e-02 9.994857828887868667e-01 8.747420484761703197e-01
6.522622824891706472e-02 9.994619386231821112e-01 8.747300521747902735e-01
6.672325412063731531e-02 9.994369899894427478e-01 8.747174972050917319e-01
6.825463866249326106e-02 9.994108859512873533e-01 8.747043574862867210e-01
6.982117045017753598e-02 9.993835731238123188e-01 8.746906057148905456e-01
7.142365615820925329e-02 9.993549956662691747e-01 8.746762133069968526e-01
7.306292097532622598e-02 9.993250951700303197e-01 8.746611503377953456e-01
7.473980902940960402e-02 9.992938105415170025e-01 8.746453854782055837e-01
7.645518382216123787e-02 9.992610778798806104e-01 8.746288859284746531e-01
7.820992867375861635e-02 9.992268303492110038e-01 8.746116173400146909e-01
8.000494717771398923e-02 9.991909980450209838e-01 8.745935437763592279e-01
8.184116366617295857e-02 9.991535078547798543e-01 8.745746275866814745e-01
8.371952368589379023e-02 9.991142833122254041e-01 8.745548293586622446e-01
8.564099448514946034e-02 9.990732444451891903e-01 8.745341078264620149e-01
8.760656551180559526e-02 9.990303076166661134e-01 8.745124197827895962e-01
8.961724892282905974e-02 9.989853853588308574e-01 8.744897199867409654e-01
9.167408010549209230e-02 9.989383861997078728e-01 8.744659610672061989e-01
9.377811821053715080e-02 9.988892144821789332e-01 8.744410934216290121e-01
9.593044669757863629e-02 9.988377701750145166e-01 8.744150651098862026e-01
9.813217389302381077e-02 9.987839486755771823e-01 8.743878217430552935e-01
1.003844335607972510e-01 9.987276406038751997e-01 8.743593063668105847e-01
1.026883854861638801e-01 9.986687315875736326e-01 8.743294593391927050e-01
1.050452160729535012e-01 9.986071020376221519e-01 8.742982181928020680e-01
1.074561389544905071e-01 9.985426269140854627e-01 8.742655175385890542e-01
1.099223956185451101e-01 9.984751754817909886e-01 8.742312888686314398e-01
1.124452560466300682e-01 9.984046110553689291e-01 8.741954604455600686e-01
1.150260193679681076e-01 9.983307907332649167e-01 8.741579571385994507e-01
1.176660145284686015e-01 9.982535651202697480e-01 8.741187002612542667e-01
1.203666009750603977e-01 9.981727780381070003e-01 8.740776074011123997e-01
1.231291693557286654e-01 9.980882662236153502e-01 8.740345922413865765e-01
1.259551422356185724e-01 9.979998590140201076e-01 8.739895643737863873e-01
1.288459748295767426e-01 9.979073780187863729e-01 8.739424291022885871e-01
1.318031557515028096e-01 9.978106367775536611e-01 8.738930872373666947e-01
1.348282077809012380e-01 9.977094404035783404e-01 8.738414348802007181e-01
1.379226886470248103e-01 9.976035852121549752e-01 8.737873631963858356e-01
1.410881918310179783e-01 9.974928583334364829e-01 8.737307581786135646e-01
1.443263473864679902e-01 9.973770373090609098e-01 8.736715003977847394e-01
1.476388227787886198e-01 9.972558896719891930e-01 8.736094647420022952e-01
1.510273237438714278e-01 9.971291725089229674e-01 8.735445201428188033e-01
1.544935951664416773e-01 9.969966320046740327e-01 8.734765292881482290e-01
1.580394219785734577e-01 9.968580029678341115e-01 8.734053483211667857e-01
1.616666300788297539e-01 9.967130083370661087e-01 8.733308265245288693e-01
1.653770872724951713e-01 9.965613586673491842e-01 8.732528059891729866e-01
1.691727042333880937e-01 9.964027515954669845e-01 8.731711212669835964e-01
1.730554354877507084e-01 9.962368712840413698e-01 8.730855990065038430e-01
1.770272804207175532e-01 9.960633878433690080e-01 8.729960575708988202e-01
1.810902843058837808e-01 9.958819567303552889e-01 8.729023066372936235e-01
1.852465393585064901e-01 9.956922181237594094e-01 8.728041467766012307e-01
1.894981858128751973e-01 9.954937962751357894e-01 8.727013690129008516e-01
1.938474130244093041e-01 9.952862988340439587e-01 8.725937543613782044e-01
1.982964605970534977e-01 9.950693161483671334e-01 8.724810733438217447e-01
2.028476195365445656e-01 9.948424205368253670e-01 8.723630854805977108e-01
2.075032334301494252e-01 9.946051655345050646e-01 8.722395387579984227e-01
2.122656996534772744e-01 9.943570851099814423e-01 8.721101690698039866e-01
2.171374706049937209e-01 9.940976928533642454e-01 8.719746996318532561e-01
2.221210549688649449e-01 9.938264811345054461e-01 8.718328403683698324e-01
2.272190190067856497e-01 9.935429202305808838e-01 8.716842872687468047e-01
2.324339878794599579e-01 9.932464574223129894e-01 8.715287217134221054e-01
2.377686469984083284e-01 9.929365160580995164e-01 8.713658097674612524e-01
2.432257434087997383e-01 9.926124945853062043e-01 8.711952014403702149e-01
2.488080872040261404e-01 9.922737655480684538e-01 8.710165299106555903e-01
2.545185529727389540e-01 9.919196745509063495e-01 8.708294107135522433e-01
2.603600812790965446e-01 9.915495391875550624e-01 8.706334408903321220e-01
2.663356801769902749e-01 9.911626479344083362e-01 8.704281980975207000e-01
2.724484267590190911e-01 9.907582590080495910e-01 8.702132396743219589e-01
2.787014687410150904e-01 9.903355991863999064e-01 8.699881016664998690e-01
2.850980260829407698e-01 9.898938625930492341e-01 8.697522978049163633e-01
2.916413926469833551e-01 9.894322094444619742e-01 8.695053184368862764e-01
2.983349378937040774e-01 9.889497647597778052e-01 8.692466294084771894e-01
3.051821086171214725e-01 9.884456170330595537e-01 8.689756708958303877e-01
3.121864307196124400e-01 9.879188168679244875e-01 8.686918561835766939e-01
3.193515110275485513e-01 9.873683755746298640e-01 8.683945703883729772e-01
3.266810391486097420e-01 9.867932637297915921e-01 8.680831691255842530e-01
3.341787893717194646e-01 9.861924096990839494e-01 8.677569771171222968e-01
3.418486226105894032e-01 9.855646981234081894e-01 8.674152867384549159e-01
3.496944883918670643e-01 9.849089683692039410e-01 8.670573565028174556e-01
3.577204268889208061e-01 9.842240129438191154e-01 8.666824094806750978e-01
3.659305710022969782e-01 9.835085758767122543e-01 8.662896316525309226e-01
3.743291484879251452e-01 9.827613510685551113e-01 8.658781701932272146e-01
3.829204841341762866e-01 9.819809806087524962e-01 8.654471316859697616e-01
3.917090019888795349e-01 9.811660530641216349e-01 8.649955802643798375e-01
4.006992276374521933e-01 9.803151017402488288e-01 8.645225356810286588e-01
4.098957905333229790e-01 9.794266029184273137e-01 8.640269713010194641e-01
4.193034263818338214e-01 9.784989740707105144e-01 8.635078120193783180e-01
4.289269795788557826e-01 9.775305720563894907e-01 8.629639321012123609e-01
4.387714057053815342e-01 9.765196913034819293e-01 8.623941529438300391e-01
4.488417740793643196e-01 9.754645619792806643e-01 8.617972407603066154e-01
4.591432703661249559e-01 9.743633481545014297e-01 8.611719041842864630e-01
4.696811992486791265e-01 9.732141459660575977e-01 8.605167917962117663e-01
4.804609871593437664e-01 9.720149817840590956e-01 8.598304895715449536e-01
4.914881850740373537e-01 9.707638103892102244e-01 8.591115182520795424e-01
5.027684713707216702e-01 9.694585131674648970e-01 8.583583306420079495e-01
5.143076547534386478e-01 9.680968963290611518e-01 8.575693088305661460e-01
5.261116772434638600e-01 9.666766891611615620e-01 8.567427613451698010e-01
5.381866172391039926e-01 9.651955423213257612e-01 8.558769202373589513e-01
5.505386926457317420e-01 9.636510261832723634e-01 8.549699381070736681e-01
5.631742640776497000e-01 9.620406292445109475e-01 8.540198850702971356e-01
5.760998381334399010e-01 9.603617566076761980e-01 8.530247456766240077e-01
5.893220707464981167e-01 9.586117285479526240e-01 8.519824157843760570e-01
6.028477706124563129e-01 9.567877791800533105e-01 8.508906994021470105e-01
6.166839026952691816e-01 9.548870552392091371e-01 8.497473055070186021e-01
6.308375918137805183e-01 9.529066149917728712e-01 8.485498448511967773e-01
6.453161263105945400e-01 9.508434272921507668e-01 8.472958267704491231e-01
6.601269618051532895e-01 9.486943708039802248e-01 8.459826560094689807e-01
6.752777250329626835e-01 9.464562334047097458e-01 8.446076295812301460e-01
6.907762177729228625e-01 9.441257117940082821e-01 8.431679336794329904e-01
7.066304208647947727e-01 9.416994113277711298e-01 8.416606406653616146e-01
7.228484983188859792e-01 9.391738461008189987e-01 8.400827061528463036e-01
7.394388015200459296e-01 9.365454393028106450e-01 8.384309662175364330e-01
7.564098735281488128e-01 9.338105238732845592e-01 8.367021347593873726e-01
7.737704534772903431e-01 9.309653434831943741e-01 8.348928010501506236e-01
7.915294810759380129e-01 9.280060538717440632e-01 8.329994275003486104e-01
8.096961012103738309e-01 9.249287245687889403e-01 8.310183476842241124e-01
8.282796686537829967e-01 9.217293410345309690e-01 8.289457646631197552e-01
8.472897528834375525e-01 9.184038072496154559e-01 8.267777496522501490e-01
8.667361430084273843e-01 9.149479487901901464e-01 8.245102410790430270e-01
8.866288528104874223e-01 9.113575164240765858e-01 8.221390440846022551e-01
9.069781259005342822e-01 9.076281902636945675e-01 8.196598305238079751e-01
9.277944409935369174e-01 9.037555845175822000e-01 8.170681395232054500e-01
9.490885173044510958e-01 8.997352528755930834e-01 8.143593786595615391e-01
9.708713200680152422e-01 8.955626945712465981e-01 8.115288258256954101e-01
9.931540661852149565e-01 8.912333611612200945e-01 8.085716318537795599e-01
1.015948229999341645e+00 8.867426640639852753e-01 8.054828239698138548e-01
1.039265549204636097e+00 8.820859828997213992e-01 8.022573101562042730e-01
1.063118030890527033e+00 8.772586746738348928e-01 7.988898845024521300e-01
1.087517957724589035e+00 8.722560838461945742e-01 7.953752336265573764e-01
1.112477894277429824e+00 8.670735533277202922e-01 7.917079442519948662e-01
1.138010693492720549e+00 8.617064364450971459e-01 7.878825120268186932e-01
1.164129503305722180e+00 8.561501099130441883e-01 7.838933516724979622e-01
1.190847773413735711e+00 8.503999878521852906e-01 7.797348085504172133e-01
1.218179262201919855e+00 8.444515368861525983e-01 7.754011717335679288e-01
1.246138043828079578e+00 8.383002923547080432e-01 7.708866886686422948e-01
1.274738515470044575e+00 8.319418756648807589e-01 7.661855815132120329e-01
1.303995404739410002e+00 8.253720128143297030e-01 7.612920652255313891e-01
1.333923777265408450e+00 8.185865540965188147e-01 7.562003674822525001e-01
1.364539044452841798e+00 8.115814950098086955e-01 7.509047504908122894e-01
1.395856971418091952e+00 8.043529983741631861e-01 7.453995347555347761e-01
1.427893685107248789e+00 7.968974176562657608e-01 7.396791248447022182e-01
1.460665682600557957e+00 7.892113214944600497e-01 7.337380371976771620e-01
1.494189839607493964e+00 7.812915194053464685e-01 7.275709299898114324e-01
1.528483419156780432e+00 7.731350886432455383e-01 7.211726350657519102e-01
1.563564080485854157e+00 7.647394021720469448e-01 7.145381919232909329e-01
1.599449888134384823e+00 7.561021576959636725e-01 7.076628837173688513e-01
1.636159321246473564e+00 7.472214076817252915e-01 7.005422752256579288e-01
1.673711283086346979e+00 7.380955902894518195e-01 6.931722526934693818e-01
1.712125110772481085e+00 7.287235611129785351e-01 6.855490654477959245e-01
1.751420585235103911e+00 7.191046256128899028e-01 6.776693691403274933e-01
1.791617941402235958e+00 7.092385721067354654e-01 6.695302704475010191e-01
1.832737878619544736e+00 6.991257051611731166e-01 6.611293730218824605e-01
1.874801571309316905e+00 6.887668792100695159e-01 6.524648244539671404e-01
1.917830679874066968e+00 6.781635322009921252e-01 6.435353639669832981e-01
1.961847361850431071e+00 6.673177190502502798e-01 6.343403705299058837e-01
2.006874283319019181e+00 6.562321446638955669e-01 6.248799110361512588e-01
2.052934630576163766e+00 6.449101962589453008e-01 6.151547881576758803e-01
2.100052122073519989e+00 6.333559746960071291e-01 6.051665874472627049e-01
2.148251020631743113e+00 6.215743245115917803e-01 5.949177232259713621e-01
2.197556145934444150e+00 6.095708623161167905e-01 5.844114827590952688e-01
2.247992887308897458e+00 5.973520032023618143e-01 5.736520681929418997e-01
2.299587216800123013e+00 5.849249847891816456e-01 5.626446356972892859e-01
2.352365702544995330e+00 5.722978885073871647e-01 5.513953312352881664e-01
2.406355522453303752e+00 5.594796577190481734e-01 5.399113223645952697e-01
2.461584478202853532e+00 5.464801122488481822e-01 5.282008254615637721e-01
2.518081009555732663e+00 5.333099588970626748e-01 5.162731277552218279e-01
2.575874209003149229e+00 5.199807974987380454e-01 5.041386035602288818e-01
2.634993836746435836e+00 5.065051220934860821e-01 4.918087241088167083e-01
2.695470336021843050e+00 4.928963167756103547e-01 4.792960604016373027e-01
2.757334848777050151e+00 4.791686458055500752e-01 4.666142785268559967e-01
2.820619231707525820e+00 4.653372375816365869e-01 4.537781269363667658e-01
2.885356072660894000e+00 4.514180620964689528e-01 4.408034152180055898e-01
2.951578707417797709e+00 4.374279015352445232e-01 4.277069839631257864e-01
3.019321236857960500e+00 4.233843137147611513e-01 4.145066654001073880e-01
3.088618544520170595e+00 4.093055881118093375e-01 4.012212345460022811e-01
3.159506314565326157e+00 3.952106942885631469e-01 3.878703507202228007e-01
3.232021050151716590e+00 3.811192225905109532e-01 3.744744893654332052e-01
3.306200092232106869e+00 3.670513170693429084e-01 3.610548642307769840e-01
3.382081638782178601e+00 3.530276006688820023e-01 3.476333400902775761e-01
3.459704764470286964e+00 3.390690928060361431e-01 3.342323362934284670e-01
3.539109440778728910e+00 3.251971195803060044e-01 3.208747215741723502e-01
3.620336556586756238e+00 3.114332169536640493e-01 3.075837006771089954e-01
3.703427939225993004e+00 2.977990273563604351e-01 2.943826934938008622e-01
3.788426376019169872e+00 2.843161902920653406e-01 2.812952075356013881e-01
3.875375636313133754e+00 2.710062276360075129e-01 2.683447047002604502e-01
3.964320494017540497e+00 2.578904244403456558e-01 2.555544634152662198e-01
4.055306750660911064e+00 2.449897061797261522e-01 2.429474373590232716e-01
4.148381258975785357e+00 2.323245134850552840e-01 2.305461120697463451e-01
4.243591947025178612e+00 2.199146755195896530e-01 2.183723608461215493e-01
4.340987842882852554e+00 2.077792832520569122e-01 2.064473014270727380e-01
4.440619099879951293e+00 1.959365639645014034e-01 1.947911549988206870e-01
4.542537022431079485e+00 1.844037584042972910e-01 1.834231091226432575e-01
4.646794092453204073e+00 1.731970020413489131e-01 1.723611861982368154e-01
4.753443996390807946e+00 1.623312119229234907e-01 1.616221190761552018e-01
4.862541652861372299e+00 1.518199806266265495e-01 1.512212354061857889e-01
4.974143240935287480e+00 1.416754787948871774e-01 1.411723522558251953e-01
5.088306229064930797e+00 1.319083676901031121e-01 1.314876824533769972e-01
5.205089404677613274e+00 1.225277231372833703e-01 1.221777540035492160e-01
5.324552904447718227e+00 1.135409721199578670e-01 1.132513437900457415e-01
5.446758245263723097e+00 1.049538431649756076e-01 1.047154266200333306e-01
5.571768355905855508e+00 9.677033149517902388e-02 9.657514048282013486e-02
5.699647609450793517e+00 8.899267974325496267e-02 8.883376868765893719e-02
5.830461856420193101e+00 8.162137481377217119e-02 8.149273932208912774e-02
5.964278458689921791e+00 7.465516125065753406e-02 7.455164223011871705e-02
6.101166324177541789e+00 6.809107122198547468e-02 6.800826345668779804e-02
6.241195942326031698e+00 6.192447097590140365e-02 6.185863684412902519e-02
6.384439420401792908e+00 5.614912335642423258e-02 5.609711220313649133e-02
6.530970520625739795e+00 5.075726570139311999e-02 5.071643922029609591e-02
6.680864698156713466e+00 4.573970218309527519e-02 4.570786601215525574e-02
6.834199139946547596e+00 4.108590940141135239e-02 4.106125099778765164e-02
6.991052804486902694e+00 3.678415380592017087e-02 3.676518654344324011e-02
7.151506462468468328e+00 3.282161931350099926e-02 3.280713263965102239e-02
7.315642738373208331e+00 2.918454330730767612e-02 2.917355870811173466e-02
7.483546153021285896e+00 2.585835905670065896e-02 2.585009150734148345e-02
7.655303167094399619e+00 2.282784249048310649e-02 2.282166701637067252e-02
7.831002225658199478e+00 2.007726119014945770e-02 2.007268412687536474e-02
8.010733803706404643e+00 1.759052345026639042e-02 1.758715796992645422e-02
8.194590452750212251e+00 1.535132527759887865e-02 1.534887074177870500e-02
8.382666848477148491e+00 1.334329327212841962e-02 1.334151797650499731e-02
8.575059839503596848e+00 1.155012144812420788e-02 1.154884833812444382e-02
8.771868497246263274e+00 9.955700209971607428e-03 9.954795169189938758e-03
8.973194166938402105e+00 8.544235891184175785e-03 8.543598232295439299e-03
9.179140519816781918e+00 7.300359491748933428e-03 7.299914311580106563e-03
9.389813606506406174e+00 6.209223496577026720e-03 6.208915591147187371e-03
9.605321911630646525e+00 5.256585937897066685e-03 5.256375008089376154e-03
9.825776409674574552e+00 4.428881131514913506e-03 4.428738044436294694e-03
1.005129062213042346e+01 3.713276815977587745e-03 3.713180719977365873e-03
1.028198067595489107e+01 3.097717694978792662e-03 3.097653817027783228e-03
1.051796536336764376e+01 2.570955655220232873e-03 2.570913637406628538e-03
1.075936620302264579e+01 2.122567180046778385e-03 2.122539837030851858e-03
1.100630750258347490e+01 1.742958702702000935e-03 1.742941103979240170e-03
1.125891642273441384e+01 1.423360835625291435e-03 1.423349635407515851e-03
1.151732304266107931e+01 1.155812570541617191e-03 1.155805524119416254e-03
1.178166042703392513e+01 9.331366626009432886e-04 9.331322814174033064e-04
1.205206469452867779e+01 7.489074958560691404e-04 7.489048044706070979e-04
1.232867508791982836e+01 5.974127666233981912e-04 5.974111335699358767e-04
1.261163404578287306e+01 4.736103276467738214e-04 4.736093491924319126e-04
1.290108727584174808e+01 3.730815048640409690e-04 3.730809261431271132e-04
1.319718383000015827e+01 2.919821367196921377e-04 2.919817989224199957e-04
1.350007618109495056e+01 2.269924971904342746e-04 2.269923026685858030e-04
1.380992030141062799e+01 1.752671529186940929e-04 1.752670424422114487e-04
1.412687574299631699e+01 1.343856780431999234e-04 1.343856161815774094e-04
1.445110571982616321e+01 1.023050126461258090e-04 1.023049785047952856e-04
1.478277719184486472e+01 7.731410804089118723e-05 7.731408947560495669e-05
1.512206095094269642e+01 5.799135944208534975e-05 5.799134949866000774e-05
1.546913170890377209e+01 4.316518857731248152e-05 4.316518333369204295e-05
1.582416818737228681e+01 3.187800948733535790e-05 3.187800676568978324e-05
1.618735320988414728e+01 2.335369330509677211e-05 2.335369191521570977e-05
1.655887379601086096e+01 1.696854571869341703e-05 1.696854502061112885e-05
1.693892125766356926e+01 1.222571481251145930e-05 1.222571446780325634e-05
1.732769129760793803e+01 8.732902274065248063e-06 8.732902106785920873e-06
1.772538411024016369e+01 6.183150920787364761e-06 6.183150841042198568e-06
1.813220448467522061e+01 4.338484639693763945e-06 4.338484602363659084e-06
1.854836191020179470e+01 3.016139712716080669e-06 3.016139695563693557e-06
1.897407068415755660e+01 2.077094492744208139e-06 2.077094485011807841e-06
1.940955002227958914e+01 1.416628923928068706e-06 1.416628920509559986e-06
1.985502417158824073e+01 9.566497173293421983e-07 9.566497158478584919e-07
2.031072252586177029e+01 6.395092252059706541e-07 6.395092245769040599e-07
2.077687974376059898e+01 4.230913011848752307e-07 4.230913009232805399e-07
2.125373586966334827e+01 2.769564640313623983e-07 2.769564639248770161e-07
2.174153645727628970e+01 1.793366589934063450e-07 1.793366589509972583e-07
2.224053269607887273e+01 1.148413395130519868e-07 1.148413394965354134e-07
2.275098154067270428e+01 7.270875484632834863e-08 7.270875484004123335e-08
2.327314584309786127e+01 4.550087388433214978e-08 4.550087388199427928e-08
2.380729448818698302e+01 2.813711310176124661e-08 2.813711310091245673e-08
2.435370253202590973e+01 1.718882273335509932e-08 1.718882273305438939e-08
2.491265134359129974e+01 1.037042747134824384e-08 1.037042747124434499e-08
2.548442874963988558e+01 6.177396161357769873e-09 6.177396161322780960e-09
2.606932918292316614e+01 3.631984647065887319e-09 3.631984647054407706e-09
2.666765383380283794e+01 2.107079260229856678e-09 2.107079260226190200e-09
2.727971080534697634e+01 1.205817641419372977e-09 1.205817641418233535e-09
2.790581527198586187e+01 6.804697180576383933e-10 6.804697180572941827e-10
2.854628964180819395e+01 3.785487086086584210e-10 3.785487086085574016e-10
2.920146372258316347e+01 2.075280076028696250e-10 2.075280076028408547e-10
2.987167489159303102e+01 1.120795959828393256e-10 1.120795959828313640e-10
3.055726826936246354e+01 5.961023709011090007e-11 5.961023709010875457e-11
3.125859689737625757e+01 3.121085925143949917e-11 3.121085925143894987e-11
3.197602191987597209e+01 1.608139830435307387e-11 1.608139830435293816e-11
3.270991276982784512e+01 8.151060845398042752e-12 8.151060845398007209e-12
3.346064735916006327e+01 4.062674875178532558e-12 4.062674875178525288e-12
3.422861227336628076e+01 1.990440576629020415e-12 1.990440576629018799e-12
3.501420297057428144e+01 9.581937747435541562e-13 9.581937747435537523e-13
3.581782398518475219e+01 4.530522458849063654e-13 4.530522458849061635e-13
3.663988913618386789e+01 2.103070620723811065e-13 2.103070620723811065e-13
3.748082174023559077e+01 9.580446469238491771e-14 9.580446469238491771e-14
3.834105482966604939e+01 4.281100780658688546e-14 4.281100780658688546e-14
3.922103137545095564e+01 1.875729230705961911e-14 1.875729230705961911e-14
4.012120451531944809e+01 8.054389130946893086e-15 8.054389130946893086e-15
4.104203778709466377e+01 3.387982071417718636e-15 3.387982071417718636e-15
4.198400536738972733e+01 1.395369704284447037e-15 1.395369704284447037e-15
4.294759231578074576e+01 5.624269265808417668e-16 5.624269265808417668e-16
4.393329482458523216e+01 2.217459320438301344e-16 2.217459320438301344e-16
4.494162047437344398e+01 8.547461137582683419e-17 8.547461137582683419e-17
4.597308849534233133e+01 3.219471977345206528e-17 3.219471977345206528e-17
4.702823003469001151e+01 1.184314813460962812e-17 1.184314813460962812e-17
4.810758843012686015e+01 4.252539360833902548e-18 4.252539360833902548e-18
4.921171948966227916e+01 1.489657589861711247e-18 1.489657589861711247e-18
5.034119177781471421e+01 5.087849153163697580e-19 5.087849153163697580e-19
5.149658690839053321e+01 1.693318805569406317e-19 1.693318805569406317e-19
5.267849984398079499e+01 5.488343047697517404e-20 5.488343047697517404e-20
5.388753920233358485e+01 1.731319165210251313e-20 1.731319165210251313e-20
5.512432756975813675e+01 5.312215593112898334e-21 5.312215593112898334e-21
5.638950182171976877e+01 1.584382422323523090e-21 1.584382422323523090e-21
5.768371345079614088e+01 4.590361244821245919e-22 4.590361244821245919e-22
5.900762890215723644e+01 1.291060247922561815e-22 1.291060247922561815e-22
6.036192991674725761e+01 3.522593950771595786e-23 3.522593950771595786e-23
6.174731388234308582e+01 9.317339851075103474e-24 9.317339851075103474e-24
6.316449419266773191e+01 2.387396016627647716e-24 2.387396016627647716e-24
6.461420061474815668e+01 5.921653140938414012e-25 5.921653140938414012e-25
6.609717966470441297e+01 1.420767339094072595e-25 1.420767339094072595e-25
6.761419499216135875e+01 3.294826547399826598e-26 3.294826547399826598e-26
6.916602777348541053e+01 7.379589877002859195e-27 7.379589877002859195e-27
7.075347711404661766e+01 1.595051390182878535e-27 1.595051390182878535e-27
7.237736045971075782e+01 3.324334086850762260e-28 3.324334086850762260e-28
7.403851401777805563e+01 6.675115396012787057e-29 6.675115396012787057e-29
7.573779318758329282e+01 1.290224542835036958e-29 1.290224542835036958e-29
7.747607300097573102e+01 2.398523497937426783e-30 2.398523497937426783e-30
7.925424857291157821e+01 4.284556253044727416e-31 4.284556253044727416e-31
8.107323556238810625e+01 7.347727332095604888e-32 7.347727332095604888e-32
8.293397064395388441e+01 1.208588675736109545e-32 1.208588675736109545e-32
8.483741199004361988e+01 1.904872799124560975e-33 1.904872799124560975e-33
8.678453976438345308e+01 2.874018295049249034e-34 2.874018295049249034e-34
8.877635662671728767e+01 4.146804082835860704e-35 4.146804082835860704e-35
9.081388824912032476e+01 5.716001186513630442e-36 5.716001186513630442e-36
9.289818384416285824e+01 7.519172536539710410e-37 7.519172536539710410e-37
9.503031670519268914e+01 9.429321146364417268e-38 9.429321146364417268e-38
9.721138475902104403e+01 1.126020861506690376e-38 1.126020861506690376e-38
9.944251113129345754e+01 1.279028242173726454e-39 1.279028242173726454e-39
1.017248447248331189e+02 1.380328276950511589e-40 1.380328276950511589e-40
1.040595608112613490e+02 1.413652304655677824e-41 1.413652304655677824e-41
1.064478616361968335e+02 1.372266628876127478e-42 1.372266628876127478e-42
1.088909770383409636e+02 1.261060146916072693e-43 1.261060146916072693e-43
1.113901650827758942e+02 1.095690693973153806e-44 1.095690693973153806e-44
1.139467127087976195e+02 8.989508622089035366e-46 8.989508622089035366e-46
1.165619363926136742e+02 6.955171642532884729e-47 6.955171642532884729e-47
1.192371828252545782e+02 5.067790597308411489e-48 5.067790597308411489e-48
1.219738296060443759e+02 3.472721475560087665e-49 3.472721475560087665e-49
1.247732859519828423e+02 2.234856126901053507e-50 2.234856126901053507e-50
1.276369934234132586e+02 1.348749550017391088e-51 1.348749550017391088e-51
1.305664266663453645e+02 7.622099538165065929e-53 7.622099538165065929e-53
1.335630941718102349e+02 4.027394921285339775e-54 4.027394921285339775e-54
1.366285390526514902e+02 1.986597225302057366e-55 1.986597225302057366e-55
1.397643398381364932e+02 9.133679384698679894e-57 9.133679384698679894e-57
1.429721112868105308e+02 3.907784701946988449e-58 3.907784701946988449e-58
1.462535052180071489e+02 1.553269895118806526e-59 1.553269895118806526e-59
1.496102113624373828e+02 5.726123279281782099e-61 5.726123279281782099e-61
1.530439582323064087e+02 1.954434572038646985e-62 1.954434572038646985e-62
1.565565140114007079e+02 6.165385364399289689e-64 6.165385364399289689e-64
1.601496874655979923e+02 1.794288688078817108e-65 1.794288688078817108e-65
1.638253288742803875e+02 4.808545595720025083e-67 4.808545595720025083e-67
1.675853309831248623e+02 1.184410832410668592e-68 1.184410832410668592e-68
1.714316299787551259e+02 2.676191812632216411e-70 2.676191812632216411e-70
1.753662064857694816e+02 5.536025277545999863e-72 5.536025277545999863e-72
1.793910865866515394e+02 1.046320745067518606e-73 1.046320745067518606e-73
1.835083428650828523e+02 1.803089749925089966e-75 1.803089749925089966e-75
1.877200954732075502e+02 2.827058045238152672e-77 2.827058045238152672e-77
1.920285132233919398e+02 4.024157626733277559e-79 4.024157626733277559e-79
1.964358147050346588e+02 5.188890525780463081e-81 5.188890525780463081e-81
2.009442694270158540e+02 6.047105918184761684e-83 6.047105918184761684e-83
2.055561989863674341e+02 6.354565247487641082e-85 6.354565247487641082e-85
2.102739782637581243e+02 6.007002736133679300e-87 6.007002736133679300e-87
2.151000366464239164e+02 5.095753169682245985e-89 5.095753169682245985e-89
2.200368592791666629e+02 3.869529294819255006e-91 3.869529294819255006e-91
2.250869883440567492e+02 2.623632260553886427e-93 2.623632260553886427e-93
2.302530243695141792e+02 1.584212303800549290e-95 1.584212303800549290e-95
2.355376275694355286e+02 8.496381529812618775e-98 8.496381529812618775e-98
2.409435192130465282e+02 4.036295275246572255e-100 4.036295275246572255e-100
2.464734830262034109e+02 1.693757079910462698e-102 1.693757079910462698e-102
2.521303666248558955e+02 6.260396128869330051e-105 6.260396128869330051e-105
2.579170829814009949e+02 2.032215900694427180e-107 2.032215900694427180e-107
2.638366119247007759e+02 5.776450098849313404e-110 5.776450098849313404e-110
2.698920016745271369e+02 1.433347410664985446e-112 1.433347410664985446e-112
2.760863704112151709e+02 3.095187004938731504e-115 3.095187004938731504e-115
2.824229078813509091e+02 5.798049988660146500e-118 5.798049988660146500e-118
2.889048770403127264e+02 9.391165789280878604e-121 9.391165789280878604e-121
2.955356157325001618e+02 1.310840595537025900e-123 1.310840595537025900e-123
3.023185384101368527e+02 1.571412286038597338e-126 1.571412286038597338e-126
3.092571378915223477e+02 1.612216359736843044e-129 1.612216359736843044e-129
3.163549871596270577e+02 1.410579728332990942e-132 1.410579728332990942e-132
3.236157412019782100e+02 1.048638243219746419e-135 1.048638243219746419e-135
3.310431388927740954e+02 6.599084046124837840e-139 6.599084046124837840e-139
3.386410049181815225e+02 3.501954089965090213e-142 3.501954089965090213e-142
3.464132517458420466e+02 1.561014164987388321e-145 1.561014164987388321e-145
3.543638816395600202e+02 5.821496433010838183e-149 5.821496433010838183e-149
3.624969887202441328e+02 1.808904838842914423e-152 1.808904838842914423e-152
3.708167610741506337e+02 4.663706249644025037e-156 4.663706249644025037e-156
3.793274829095003042e+02 9.933913713020633709e-160 9.933913713020633709e-160
3.880335367626053085e+02 1.740523734161452970e-163 1.740523734161452970e-163
3.969394057546303998e+02 2.497254750227828332e-167 2.497254750227828332e-167
4.060496759001352984e+02 2.920635456824023351e-171 2.920635456824023351e-171
4.153690384686149741e+02 2.771315883383173736e-175 2.771315883383173736e-175
4.249022924002411514e+02 2.123267370583509779e-179 2.123267370583509779e-179
4.346543467770327425e+02 1.307077353223044463e-183 1.307077353223044463e-183
4.446302233507579444e+02 6.432723505500645229e-188 6.432723505500645229e-188
4.548350591288553346e+02 2.517992643999639420e-192 2.517992643999639420e-192
4.652741090196892628e+02 7.798261442710640771e-197 7.798261442710640771e-197
4.759527485385328305e+02 1.900598110966042083e-201 1.900598110966042083e-201
4.868764765756578754e+02 3.625298650351039426e-206 3.625298650351039426e-206
4.980509182279378706e+02 5.381648087305606125e-211 5.381648087305606125e-211
5.094818276954580938e+02 6.181669172976665605e-216 6.181669172976665605e-216
5.211750912446063921e+02 5.462089015663315443e-221 5.462089015663315443e-221
5.331367302391523708e+02 3.690279499725480920e-226 3.690279499725480920e-226
5.453729042409125896e+02 1.894663654403152511e-231 1.894663654403152511e-231
5.578899141815799112e+02 7.345829978927195687e-237 7.345829978927195687e-237
5.706942056073310141e+02 2.136909890110492070e-242 2.136909890110492070e-242
5.837923719979211228e+02 4.633451188855190268e-248 4.633451188855190268e-248
5.971911581619580147e+02 7.438181289147775984e-254 7.438181289147775984e-254
6.108974637100785685e+02 8.779630078827691134e-260 8.779630078827691134e-260
6.249183466078624178e+02 7.566023820401799890e-266 7.566023820401799890e-266
6.392610268102888540e+02 4.726129358041393029e-272 4.726129358041393029e-272
6.539328899795873440e+02 2.124136094921268559e-278 2.124136094921268559e-278
6.689414912884388968e+02 6.817367583230659018e-285 6.817367583230659018e-285
6.842945593104677755e+02 1.550430198283579235e-291 1.550430198283579235e-291
7.000000000000001137e+02 2.478830712425482246e-298 2.478830712425482246e-298
