-2999.9999999999995	215.17806832146766
-2988.2735178822677	170.28757546268469
-2976.592804587515	125.53203779967305
-2964.9576812122714	81.18796227421525
-2953.367969551331	37.510163089847346
-2941.8234920950176	-5.265763248701464
-2930.324072026469	-46.92136200750514
-2918.869533218931	-87.25356275154029
-2907.4597002330543	-126.07317885314787
-2896.09439831421	-163.20361650495406
-2884.773453389816	-198.479756133846
-2873.4966920666666	-231.74697690159775
-2862.2639416282777	-262.86030089953294
-2851.0750300322443	-291.6836381982712
-2839.929785907601	-318.0891174516548
-2828.8280385522016	-341.95648952975773
-2817.7696179301015	-363.1725938530206
-2806.7543546689535	-381.6308788533259
-2795.782080057418	-397.2309693984288
-2784.852626042574	-409.8782751591736
-2773.965825227345	-419.4836348310604
-2763.121510867939	-425.96299188724186
-2752.3195168712923	-429.2370981719511
-2741.5596777925257	-429.2312421683461
-2730.8418288324106	-425.874999213021
-2720.1658058348457	-419.10200129720835
-2709.5314452843404	-408.8497244047881
-2698.9385843035157	-395.0592915999052
-2688.3870606505993	-377.6752903003173
-2677.8767127169554	-356.6456023635533
-2667.4073795245968	-331.9212457763824
-2656.978900723724	-303.45622687909093
-2646.59111659027	-271.2074021775336
-2636.2438680234527	-235.13434890138373
-2625.936996543339	-195.19924355858615
-2615.6703442884163	-151.3667478159742
-2605.443754013176	-103.60390110581628
-2595.2570690857046	-51.88001941949272
-2585.1101334852833	3.833400196704317
-2575.002791800003	63.56276988097367
-2564.9348892243756	127.33249632601995
-2554.906271556973	195.1650616376096
-2544.916785198057	267.0811000068076
-2534.9662771472317	343.09947049090255
-2525.054595001097	421.188813828018
-2515.1815869509182	467.0055416433744
-2505.347101780296	493.1943196086117
-2495.5509888628544	507.1753333100988
-2485.7930981599334	512.1037368043701
-2476.0732802182874	509.89272897544777
-2466.3913861678	501.87302069437754
-2456.747267719203	489.04421461960214
-2447.1407771618046	472.19544590152157
-2437.5717673612257	451.97174136976173
-2428.0400917571496	428.9140409167031
-2418.5456043610734	403.48500454962596
-2409.0881597540765	376.0865252093494
-2399.6676130845885	347.0721024279227
-2390.283820066176	316.7558760591266
-2380.9366369753266	285.41940320473446
-2371.6259206492523	253.3168599590417
-2362.3515284836967	220.6791131401898
-2353.113318430747	187.71696205673587
-2343.9111489966617	154.62375810504705
-2334.744879239703	121.57754954067077
-2325.614368767977	88.74285808997213
-2316.5194777372844	56.272166052308094
-2307.4600668489775	24.30717284336437
-2298.43599734783	-7.0201341800596415
-2289.4471310199056	-37.58656005030494
-2280.4933301904484	-67.27690670853998
-2271.5744577217692	-95.98328044346266
-2262.6903770111444	-123.60448530068746
-2253.840951988731	-150.04548883285278
-2245.0260471154725	-175.21694913494062
-2236.245527381031	-199.0347941260304
-2227.499258301714	-221.41984563340782
-2218.7871059184185	-242.2974821057393
-2210.1089367945783	-261.5973348034962
-2201.4646180141176	-279.2530131411086
-2192.854017179418	-295.2018555289334
-2184.2770024092906	-309.38470261540203
-2175.7334423369543	-321.7456902854304
-2167.2232061080276	-332.2320601492424
-2158.7461633785188	-340.793985571274
-2150.3021843128336	-347.38441155318156
-2141.8911395817854	-351.9589070078672
-2133.512900360615	-354.47552814994805
-2125.1673383270168	-354.89469188836847
-2116.854325659173	-353.1790582436448
-2108.573735033797	-349.29342092940743
-2100.3254396241846	-343.2046053387011
-2092.109313098266	-334.88137326249034
-2083.925229616678	-324.2943337431242
-2075.7730638308294	-311.4158595309727
-2067.6526908809915	-296.2200086694952
-2059.563986394373	-278.6824507837973
-2051.5068264832234	-258.78039769153844
-2043.481087742934	-236.49253799336367
-2035.486647250146	-211.79897533395555
-2027.5233825608705	-184.6811700547224
-2019.5911717086105	-155.1218839855896
-2011.6898932024944	-123.10512814694754
-2003.8194260254143	-88.61611315371182
-1995.9796496321746	-51.641202132142936
-1988.170443947643	-12.16786597671507
-1980.3916893649114	29.815359210658414
-1972.6432667434672	74.31891264335964
-1964.925057407365	121.35224746708917
-1957.2369431434115	170.92386759251517
-1949.5788061993526	223.0413628552399
-1941.950529282072	277.7114426055275
-1934.3519955557933	334.9114731098144
-1926.7830886402917	372.53374248295864
-1919.24369260911	395.0418116854041
-1911.7336919877848	408.69947829410256
-1904.2529717520752	415.82274205833306
-1896.801417326206	417.77268859743367
-1889.3789145811072	415.4807526662821
-1881.985349832669	409.6393952271886
-1874.6206098400012	400.7912729239811
-1867.284581803695	389.377480128824
-1859.977153364101	375.7663057940419
-1852.6982125996035	360.2716149316736
-1845.4476480249089	343.16523695373576
-1838.225348589336	324.6856699708331
-1831.0312036751193	305.04440613056386
-1823.8651030957099	284.43065797445314
-1816.7269370940896	263.01497372826867
-1809.616596341091	240.95205857571221
-1802.5339719337226	218.38301468733962
-1795.4789553934993	195.43714680559393
-1788.4514386647822	172.23343713717526
-1781.4513141131245	148.8817644430503
-1774.4784745236207	125.48392240290772
-1767.5328130992664	102.13447843928832
-1760.6142234593217	78.92150426212865
-1753.7225996376815	55.9272021833884
-1746.8578360812528	33.22844593136728
-1740.0198276483404	10.897250714432712
-1733.2084696070322	-10.998815731232892
-1726.4236576335975	-32.39627168610927
-1719.6652878108898	-53.235401950490306
-1712.9332566267542	-73.45997407321491
-1706.2274609724413	-93.01698517850224
-1699.5477981410295	-111.8564351437307
-1692.8941658258507	-129.9311225874564
-1686.2664621189256	-147.1964606980395
-1679.6645855093989	-163.61031039814955
-1673.0884348819884	-179.1328287212607
-1666.5379095154335	-193.72633059022047
-1660.012909080955	-207.3551624481699
-1653.513333640716	-219.98558640908738
-1647.039083646293	-231.58567377683954
-1640.5900599371507	-242.12520693468517
-1634.1661637391235	-251.57558873645195
-1627.767296662901	-259.90975864050694
-1621.3933607025242	-267.10211492130986
-1615.0442582338812	-273.12844237358024
-1608.7198920132148	-277.965844993001
-1602.4201651756289	-281.5926831768846
-1596.1449812336118	-283.9885150396371
-1589.8942440755516	-285.13404148256564
-1583.667857964267	-285.0110546964404
-1577.465727535541	-283.6023898092569
-1571.2877577966608	-280.8918794213726
-1565.1338541249609	-276.86431079638623
-1559.0039222663768	-271.50538549915115
-1552.8978683339972	-264.80168129264746
-1546.815598806632	-256.7406161234888
-1540.7570205273732	-247.31041404175795
-1534.7220407021732	-236.5000729151421
-1528.710566898421	-224.29933380995743
-1522.722507043527	-210.69865192299113
-1516.7577694235133	-195.6891689582069
-1510.8162626816093	-179.26268685144248
-1504.8978958168502	-161.41164275437774
-1499.0025781826864	-142.12908519642096
-1493.130219485593	-121.40865134974742
-1487.2807297836873	-99.24454532873524
-1481.4540194853519	-75.63151746044785
-1475.6499993478612	-50.56484446771575
-1469.8685804760155	-24.040310510818365
-1464.1096743207806	3.9458109621504023
-1458.3731926779292	33.39677460253781
-1452.6590476866904	64.31537982885243
-1446.9671518284058	96.70398681479915
-1441.2974179251873	130.56453183465834
-1435.6497591385826	165.8985420004373
-1430.024088968245	202.70714942310642
-1424.420321250608	240.99110482612582
-1418.8383701575679	276.8945040591141
-1413.2781501951663	298.53531158386807
-1407.7395762022811	312.84929389776437
-1402.222563349325	322.1516334657674
-1396.7270271369423	327.580933012978
-1391.2528833947176	329.85896490334443
-1385.8000482798852	329.4990497504845
-1380.3684382760457	326.8918460494589
-1374.9579701918863	322.34832556734426
-1369.568561159907	316.1240821390824
-1364.2001286351513	308.4342854855874
-1358.852590393941	299.4634674479468
-1353.525864532619	289.372239305751
-1348.2198694662932	278.30208108978144
-1342.9345239275872	266.3788638238186
-1337.6697469653957	253.71550769154447
-1332.425457943644	240.41403244414096
-1327.2015765400547	226.5671689543407
-1321.998022744916	212.25964663650785
-1316.8147168598562	197.56923670870881
-1311.6515794966238	182.5676083348491
-1306.5085315758708	167.32103914918338
-1301.385494325944	151.89101090312627
-1296.2823892816737	136.33471336752672
-1291.1991382831764	120.70547414979633
-1286.1356634746558	105.05312808201741
-1281.0918873032092	89.42433686521265
-1276.0677325176432	73.86286742052822
-1271.0631221672866	58.40983569681849
-1266.0779796008146	43.1039213744882
-1261.1122284650733	27.981557886549613
-1256.1657927039103	13.077101377797145
-1251.238596557011	-1.5770184109279697
-1246.3305645587375	-15.95016285278857
-1241.4416215369715	-30.013362666336654
-1236.571692611966	-43.73920792571252
-1231.7207031951957	-57.10174837688982
-1226.8885789882152	-70.0764028086995
-1222.0752459815214	-82.63987641039579
-1217.2806304534206	-94.77008519961919
-1212.504658968898	-106.44608673158844
-1207.7472583784938	-117.64801640695956
-1203.0083558171825	-128.35702878569052
-1198.2878787032575	-138.55524339040602
-1193.585754737219	-148.22569454753102
-1188.9019119006664	-157.35228486979426
-1184.2362784551951	-165.919742031159
-1179.5887829412984	-173.91357852603275
-1174.9593541772729	-181.32005413991743
-1170.3479212581285	-188.1261408891428
-1165.7544135545006	-194.31949021395454
-1161.1787607115716	-199.88840223230332
-1156.6208926479906	-204.82179688200333
-1152.0807395548	-209.10918679661953
-1147.5582318943689	-212.74065177608827
-1143.0533003993255	-215.7068147268314
-1138.5658760714964	-217.99881895828557
-1134.0958901808524	-219.60830673352964
-1129.6432742644522	-220.5273989812985
-1125.207960125396	-220.7486760851309
-1120.7898798317804	-220.26515967304763
-1116.3889657156585	-219.0702953379095
-1112.0051503720017	-217.15793622468692
-1107.6383666576708	-214.5223274263424
-1103.2885476903828	-211.1580911349031
-1098.955626847692	-207.06021249874632
-1094.6395377659649	-202.2240261410709
-1090.340214339366	-196.64520329815505
-1086.0575907188454	-190.31973953923776
-1081.7916013111294	-183.24394303283228
-1077.5421807777159	-175.41442332694436
-1073.3092640338755	-166.82808061312727
-1069.0927862476515	-157.48209544650044
-1064.8926828388696	-147.37391889592178
-1060.7088894781475	-136.5012631003157
-1056.54134208591	-124.86209220887216
-1052.3899768314075	-112.45461368438752
-1048.254730131738	-99.27726995041726
-1044.1355386508742	-85.32873036423942
-1040.0323392986916	-70.60788349879904
-1035.9450692300054	-55.113829717951376
-1031.8736658436046	-38.845874030270174
-1027.8180667812946	-21.80351920770601
-1023.7782099269424	-3.9864591561774048
-1019.7540334055248	14.605427473980665
-1015.7454755821803	33.972083449072194
-1011.7524750612671	54.113278895244086
-1007.7749706854197	75.02861703389271
-1003.8129015346146	96.7175397186779
-999.8662069252357	119.17933278307197
-995.9348264091466	142.41313120681605
-992.018699772763	166.41792410882238
-988.117767036131	191.19255957541068
-984.2319684520095	212.01612112082282
-980.3612445049532	225.2933443884412
-976.5055359104028	234.72154009670317
-972.6647836137764	241.35941927302062
-968.8389287895643	245.78071294065688
-965.0279128404288	248.36324915327197
-961.2316773963071	249.38141620469688
-957.4501643135155	249.0468027363555
-953.6833156738609	247.52935594042359
-949.9310737837535	244.9696631975701
-946.1933811733217	241.4866498014153
-942.4701805955327	237.18268850585727
-938.7614150253158	232.1471459847752
-935.067027658689	226.4589341403661
-931.3869619118898	220.18840028244247
-927.7211614205061	213.39876238081754
-924.0695700386157	206.14722190246457
-920.4321318379244	198.48584232367915
-916.8087911069108	190.46225359955716
-913.1994923499715	182.12022489183008
-909.604180286573	173.50013589724125
-906.0227998504029	164.63936896633686
-902.4552961885287	155.57263852262392
-898.9016146605557	146.3322702568576
-895.3617008377911	136.94843965416624
-891.8355005024109	127.44937726942737
-888.322959646628	117.86154657043615
-884.8240244718663	108.20979896401656
-881.338641387936	98.51750970035668
-877.8667570122134	88.80669764062253
-874.408318168822	79.09813131894036
-870.9632718878208	69.41142329374296
-867.5315654043897	59.76511443712136
-864.1131461580229	50.17674953365911
-860.7079617917244	40.66294533655219
-857.315960151205	31.23945204726214
-853.9370892840848	21.921209036428653
-850.5712974390959	12.72239550163616
-847.2185330652908	3.6564766565303906
-843.8787448112527	-5.263754038257124
-840.5518815243087	-14.026136162344564
-837.2378922497467	-22.61910675994225
-833.9367262300348	-31.031667570256577
-830.6483329040441	-39.25335477517753
-827.3726619062735	-47.2742110114928
-824.1096630660796	-55.084759425739655
-820.8592864069072	-62.67597957618508
-817.6214821455239	-70.0392850092364
-814.396200691259	-77.16650235725761
-811.1833926452414	-84.04985182184159
-807.9830087996457	-90.68192892140188
-804.7950001369367	-97.055687394963
-801.61931782912	-103.16442316529981
-798.4559132369925	-109.00175927457033
-795.3047379093986	-114.56163171429297
-792.1657435824884	-119.83827607928427
-789.0388821789774	-124.82621498195765
-785.9241058074102	-129.52024616945275
-782.8213667614291	-133.91543129144108
-779.7306175190403	-138.00708527120972
-776.651810741888	-141.79076623694704
-773.5848992745289	-145.26226597389012
-770.5298361437101	-148.4176008615145
-767.4865745576493	-151.2530032629026
-764.4550679053186	-153.76491333628047
-761.4352697557299	-155.94997124115093
-758.4271338572247	-157.80500971368178
-755.4306141367648	-159.32704698807945
-752.4456646992273	-160.51328004247537
-749.4722398267013	-161.36107814953084
-746.5102939777878	-161.86797671347637
-743.5597817869021	-162.03167137666864
-740.6206580635792	-161.85001238002212
-737.6928777917809	-161.3209991627825
-734.7763961292081	-160.44277518817256
-731.8711684066119	-159.2136229824042
-728.9771501271105	-157.63195937538208
-726.0942969655074	-155.69633093228524
-723.222564767613	-153.40540956589638
-720.3619095495674	-150.75798832024998
-717.5122874971685	-147.75297731679257
-714.6736549651984	-144.38939985480593
-711.8459684767565	-140.66638865839627
-709.0291847225943	-136.58318226281216
-706.22326056045	-132.13912153333152
-703.4281530143896	-127.33364631036194
-700.6438192741475	-122.16629217477416
-697.8702166944714	-116.63668732787978
-695.1073027944692	-110.7445495807554
-692.3550352569578	-104.48968344796215
-689.6133719278154	-97.8719773409659
-686.8822708153358	-90.89140085684974
-684.1616900895852	-83.54800215815837
-681.4515880817618	-75.84190543992662
-678.751923283557	-67.77330848018974
-676.0626543465195	-59.34248027044679
-673.3837400814242	-50.54975872276951
-670.7151394576377	-41.39554845037155
-668.0568116024931	-31.880318618694737
-665.4087158006619	-22.00460086415453
-662.7708114935315	-11.768987277860507
-660.1430582785833	-1.1741284517717474
-657.5254159087756	9.779268415131556
-654.9178442919243	21.09044135299011
-652.320303490091	32.7585754016738
-649.7327537189707	44.782804337963164
-647.1551553472825	57.162212351287806
-644.5874688961625	69.89583566990001
-642.029655038559	82.98266413929598
-639.4816745986305	96.42164275461776
-636.9434885511457	110.2116731487528
-634.4150580208855	124.35161503652441
-631.8963442820474	138.84028762079217
-629.387308757653	150.10116634427234
-626.8879130189567	157.96045742316122
-624.3981187848574	163.91596192954012
-621.9178879213117	168.4408137863431
-619.44718244075	171.8054781767173
-616.9859645014957	174.1923395846986
-614.5341964071839	175.73565822360868
-612.0918406061853	176.5398750364238
-609.6588596910302	176.68938691774844
-607.2352163978362	176.2543205264426
-604.8208736057377	175.29419750611564
-602.4157943363161	173.86039117699525
-600.0199417530349	171.9978448508391
-597.6332791606744	169.7463156853512
-595.2557700047702	167.14130093855874
-592.8873778710534	164.2147442997119
-590.5280664848927	160.99558552348068
-588.1777997107388	157.51019565903275
-585.8365415515708	153.7827269693618
-583.5042561483449	149.83539805222202
-581.180907779446	145.68872893519986
-578.8664608601392	141.36173698734075
-576.5608799420258	136.87210174033117
-574.2641297124999	132.23630475184902
-571.9761749942077	127.46974922184852
-569.6969807445087	122.58686302526898
-567.4265120549389	117.60118804235394
-565.1647341506768	112.52545807595526
-562.9116123900095	107.37166719215443
-560.6671122638031	102.15112997001025
-558.431199394974	96.87453487234005
-556.2038395379616	91.55199173340684
-553.9849985782056	86.19307418757883
-551.7746425316213	80.80685772523239
-549.5727375440808	75.40195395095992
-547.3792498908936	69.98654152859467
-545.1941459762901	64.56839422351976
-543.0173923329073	59.1549063917244
-540.8489556212766	53.75311621450057
-538.688802629312	48.36972693560865
-536.5369002718027	43.011126322521775
-534.3932155899056	37.68340454366191
-532.2577157506405	32.39237062858466
-530.1303680463876	27.143567656739506
-528.0111398943866	21.942286802353106
-525.899998836237	16.79358034748568
-523.7969125374015	11.702273761998692
-521.7018487867105	6.6729769376975465
-519.6147754958697	1.7100946540053426
-517.5356606989667	-3.1821636561138713
-515.4644725519831	-7.999774778687132
-513.4011793323064	-12.738893175040149
-511.34574943824333	-17.395842972885838
-509.2981513885367	-21.967110448202035
-507.25835382188353	-26.44933695837999
-505.2263254964533	-30.83931229098941
-503.2020352894107	-35.13396839596149
-501.18545219643846	-39.330373472072196
-499.1765453312627	-43.425726381305736
-497.17528392517954	-47.417351367102206
-495.18163732658417	-51.302693054665774
-493.19557500050115	-55.079311713441726
-491.217066528117	-58.744878763575265
-489.2460816063141	-62.2971725097748
-487.28259004720655	-65.73407408732696
-485.32656177767774	-69.05356360633552
-483.37796683892003	-72.25371648137144
-481.43677538597575	-75.33269993471096
-479.50295768728006	-78.28876966234687
-477.57648412420514	-81.12026665271607
-475.65732519060805	-83.82561414893377
-473.74545149237684	-86.40331474593495
-471.84083374698145	-88.8519476146641
-469.94344278302526	-91.17016584591383
-468.0532495397978	-93.35669390706113
-466.1702250668298	-95.41032520531903
-464.2943405234507	-97.32991975168102
-462.42556717834526	-99.11440192002715
-460.56387640911464	-100.76275829633192
-458.7092397018378	-102.27403561318665
-456.86162865063466	-103.64733876520022
-455.02101495723105	-104.88182890113306
-453.18737043052545	-105.97672158886326
-451.36066698615696	-106.93128504955509
-449.5408766460755	-107.74483845761809
-447.7279715381128	-108.41675030325364
-445.9219238955559	-108.9464368145962
-444.1227060567219	-109.33336043661633
-442.3302904645339	-109.57702836414079
-440.5446496660993	-109.6769911264873
-438.76575631228934	-109.63284122136831
-436.9935831573196	-109.44421179584087
-435.22810305833406	-109.1107753722206
-433.46928897498765	-108.63224261698056
-431.71711396903333	-108.0083611507744
-429.9715512039091	-107.23891439782196
-428.2325739443267	-106.32372047299073
-426.500155555863	-105.26263110499846
-424.77426950455094	-104.055530594243
-423.0548893564739	-102.70233480383897
-421.3419887773605	-101.20299018253543
-419.63554153218143	-99.55747281821562
-417.9355214847474	-97.76578752080044
-416.24190259730943	-95.82796693338003
-414.5546589301592	-93.74407067049432
-412.8737646412322	-91.51418448253293
-411.19919398571204	-89.13841944525136
-409.53092131563596	-86.61691117346582
-407.8689210795022	-83.94981905804127
-406.21316782187813	-81.13732552531032
-404.56363618301106	-78.17963531810814
-402.92030089843934	-75.07697479764802
-401.28313679860565	-71.82959126550223
-399.6521188084712	-68.43775230497154
-398.02722194713226	-64.9017451411678
-396.40842132743694	-61.22187601917019
-394.7956921556042	-57.39846959962723
-393.1890097308444	-53.431868371220446
-391.5883494449804	-49.322432079417034
-389.9936867820714	-45.070537170977055
-388.4049973180368	-40.67657625368437
-386.8222567202821	-36.140957570811445
-385.2454407473273	-31.464104489846093
-383.67452524843395	-26.646455004999133
-382.10948616323657	-21.68846125308666
-380.5502995213735	-16.59058904233014
-378.99694144212	-11.353317393703325
-377.4493881340223	-5.9771380944020605
-375.90761589453354	-0.46255526309615813
-374.37160110965044	5.189915073421254
-372.84132025355154	10.979745392523496
-371.3167498882375	16.906397077306572
-369.79786666317085	22.969320807745024
-368.2846473149202	29.16795694174025
-366.77706866680234	35.5017358863736
-365.27510762852785	41.97007845964244
-363.77874119584726	48.57239624295224
-362.28794645019934	55.30809192463634
-360.8027005583592	62.17655963477088
-359.32298077208924	69.17718527155277
-357.84876442779023	76.30934681887506
-356.38002894615477	83.57241465770821
-354.9167518318208	90.71167560873847
-353.45891067302745	95.86041251833873
-352.00648314127216	99.86503467318768
-350.5594469909677	103.09254011291294
-349.1177800591022	105.70930809787195
-347.6814602648996	107.81778153041867
-346.2504656094812	109.48962211240428
-344.824774175529	110.77876553136858
-343.4043641269499	111.72779800838777
-341.98921370854106	112.3715032588394
-340.57930124565723	112.7390182304857
-339.17460514387807	112.85523090788735
-337.77510388867796	112.74173272303274
-336.38077604509647	112.41749348273046
-334.99160025740946	111.89935517439567
-333.6075552488028	111.2024029564016
-332.2286198210458	110.34025018074774
-330.85477285416704	109.32526159839078
-329.4859933061306	108.16873107359726
-328.1222602125139	106.88102514288417
-326.7635526861866	105.47170047407238
-325.4098499169905	103.94960106820504
-324.06113117142127	102.32293951959936
-322.7173757923102	100.59936557308761
-321.37856319850874	98.786024445283
-320.0446728845724	96.88960681337757
-318.71568442044696	94.91639195791622
-317.39157745115574	92.87228523297047
-316.07233169648777	90.76285079933228
-314.75792695068714	88.59334037353335
-313.4483430821434	86.36871860360932
-312.14356003308353	84.09368557122562
-310.84355781926433	81.77269683173157
-309.5483165296666	79.40998133350571
-308.2578163261904	77.00955750148906
-306.97203744335076	74.57524772408047
-305.69096018797484	72.11069144532073
-304.41456493890115	69.61935703370614
-303.142832146678	67.10455257374105
-301.8757423332649	64.56943570540984
-300.61327609173355	62.017022619258704
-299.35541408597123	59.450196300137705
-298.1021370503842	56.871714100318854
-296.8534257896028	54.28421471222979
-295.6092611781874	51.690224602190334
-294.36962416033566	49.09216395896493
-293.13449574959037	46.492352204412384
-291.9038570285487	43.89301310799873
-290.67768914857277	41.29627954204571
-289.4559733295005	38.70419791050212
-288.2386908593585	36.11873228031415
-287.02582309407484	33.541768241405336
-285.81735145719404	30.97511651844386
-284.6132574395924	28.420516355217213
-283.4135225991944	25.879638690259284
-282.21812856069	23.35408914058091
-281.02705701525423	20.845410808601997
-279.84028972026533	18.355086926025272
-278.65780849902643	15.884543347012151
-277.47959524048656	13.435150901931477
-276.30563189896355	11.008227621890754
-275.1359004938677	8.605040843327899
-273.97038310942617	6.226809201178458
-272.80906189440844	3.874704518329379
-271.65191906185345	1.5498535984579596
-270.4989368887967	-0.7466600712611466
-269.3500977159988	-3.013794701634606
-268.20538394767556	-5.2505486616318775
-267.0647780512276	-7.4559590122689965
-265.92826255697264	-9.629100109525208
-264.7958200578773	-11.769082272048745
-263.6674332092909	-13.875050509692699
-262.54308472867984	-15.94618330922968
-261.42275739536245	-17.981691473869432
-260.30643405024574	-19.980817013457653
-259.19409759556225	-21.94283208242721
-258.08573099460835	-23.867037962832573
-256.9813172714832	-25.752764089930757
-255.88083951082905	-27.599367117992376
-254.78428085757156	-29.406230024159864
-253.6916245166622	-31.17276124830925
-252.60285375282078	-32.89839386704848
-251.51795189027914	-34.582584800055365
-250.4369023125258	-36.22481404711124
-249.3596884620513	-37.824583954277124
-248.28629384009494	-39.38141850774959
-247.21670200639164	-40.894862654064795
-246.15089657892057	-42.36448164532062
-245.08886123365374	-43.789860408269234
-244.0305797043068	-45.17060293611456
-242.9760357820889	-46.50633170196017
-241.92521331545504	-47.79668709292883
-240.87809620985868	-49.0413268639709
-239.83466842750497	-50.23992561051328
-238.7949139871053	-51.39217425908462
-237.75881696363257	-52.4977795751385
-236.72636148807715	-53.55646368731791
-235.69753174720378	-54.56796362745796
-234.67231198330964	-55.53203088566204
-233.65068649398268	-56.44843097981135
-232.63263963186142	-57.31694303891019
-231.61815580439503	-58.13735939970048
-230.60721947360472	-58.90948521600194
-229.59981515584553	-59.63313808026724
-228.59592742156943	-60.3081476568806
-227.59554089508882	-60.93435532670369
-226.59864025434112	-61.51161384247056
-225.60521023065408	-62.039786994587466
-224.61523560851197	-62.51874928694923
-223.6287012253223	-62.94838562238813
-222.64559197118385	-63.32859099741509
-221.66589278865544	-63.659270205872076
-220.68958867252468	-63.94033755121837
-219.7166646695786	-64.171716567081
-218.74710587837458	-64.35333974582936
-217.78089744901203	-64.48514827484222
-216.81802458290494	-64.56709178022244
-215.85847253255528	-64.5991280776929
-214.9022266013272	-64.58122293041735
-213.94927214322172	-64.51334981351577
-212.99959456265256	-64.39548968505903
-212.05317931422258	-64.2276307632834
-211.11001190250107	-64.00976830987973
-210.17007788180152	-63.74190441908659
-209.23336285596054	-63.42404781246444
-208.29985247811734	-63.056213639103
-207.36953245049392	-62.63842328113988
-206.44238852417627	-62.170704164383906
-205.51840649889584	-61.65308957389955
-204.59757222281226	-61.08561847439429
-203.67987159229662	-60.4683353352404
-202.7652905517151	-59.80128996002335
-201.85381509321454	-59.08453732044088
-200.9454312565067	-58.318137394443845
-200.04012512865538	-57.502155008481616
-199.1378828438629	-56.63665968372447
-198.2386905832579	-55.721725486154945
-197.34253457468358	-54.75743088040538
-196.44940109248682	-53.74385858723277
-195.55927645730796	-52.681095444529895
-194.67214703587126	-51.56923227175802
-193.78799924077606	-50.40836373771958
-192.90681953028877	-49.19858823155939
-192.02859440813546	-47.94000773691636
-191.15331042329495	-46.63272770911931
-190.2809541697931	-45.27685695536446
-189.41151228649716	-43.87250751777095
-188.54497145691133	-42.41979455924413
-187.6813184089729	-40.918836252070356
-186.8205399148487	-39.369753669164496
-185.96262279073264	-37.772670677900436
-185.10755389664382	-36.12771383645279
-184.25532013622518	-34.435012292587835
-183.405908456543	-32.69469768482627
-182.5593058478871	-30.90690404593253
-181.7154993435712	-29.071767708650246
-180.87447601973471	-27.189427213640474
-180.03622299514453	-25.260023219552423
-179.20072743099792	-23.283698415184325
-178.36797653072574	-21.26059743366714
-177.53795753979657	-19.19086676862818
-176.7106577455213	-17.074654692281722
-175.88606447685834	-14.912111175394202
-175.06416510421977	-12.703387809083
-174.24494703927755	-10.448637728393932
-173.4283977347713	-8.148015537621731
-172.61450468431536	-5.801677237325339
-171.8032554222079	-3.4097801529894527
-170.9946375232396	-0.9724828653099503
-170.18863860250346	1.510054857959601
-169.38524631520522	4.037672128618623
-168.5844483564741	6.610207003142554
-167.78623246117448	9.22749654634007
-166.990586403718	11.889376893588965
-166.1974979978762	14.59568331168309
-165.4069550965941	17.34625025831825
-164.61894559180402	20.14091144026217
-163.8334574142401	22.979499870224256
-163.05047853325348	25.861847922473892
-162.26999695662803	28.787787387219733
-161.49200073039674	31.757149523791025
-160.71647793865858	34.76976511266585
-159.94341670339594	37.82546450612087
-159.17280518429277	40.92407767851458
-158.40463157855328	44.0654342743154
-157.63888412072112	47.09852202326859
-156.8755510824989	49.36805263795575
-156.11462077256937	51.21732634822727
-155.35608153641527	52.77161608730422
-154.5999217561417	54.090431339666516
-153.8461298502976	55.21095752949054
-153.0946942736988	56.15940348199863
-152.34560351725094	56.95558582921655
-151.59884610777328	57.615200217400385
-150.85441060782287	58.15109628865547
-150.1122856155196	58.574057547445264
-149.37245976437134	58.89330941352316
-148.6349217230998	59.11686662512558
-147.89966019546745	59.251780108854625
-147.1666639201039	59.30431799492847
-146.43592167033376	59.280101848541804
-145.70742225400457	59.18421147899409
-144.9811545133155	59.02126710898438
-144.25710732464637	58.795494855548995
-143.53526959838726	58.51077966335904
-142.8156302787687	58.17070863815331
-142.09817834369235	57.77860692166257
-141.3829028045621	57.337567691688285
-140.66979270611586	56.850477477433394
-139.9588371262579	56.32003769741569
-139.25002517589112	55.74878312070757
-138.54334599875077	55.13909779918696
-137.83878877123783	54.49322890345317
-137.13634270225347	53.813298807581276
-136.43599703303357	53.10131570064394
-135.73774103698406	52.359182950628245
-135.0415640195167	51.58870740535723
-134.34745531788496	50.791606782562305
-133.6554043010212	49.96951627534907
-132.9654003693733	49.12399447841289
-132.2774329547428	48.25652872353533
-131.59149152012287	47.36853989906781
-130.9075655595366	46.461386816842655
-130.2256445978766	45.5363701805994
-129.54571819074425	44.59473620228357
-128.86777592428982	43.63767990610205
-128.19180741505295	42.66634815479282
-127.51780230980364	41.68184242800831
-126.84575028538369	40.68522137884102
-126.17564104854848	39.677503191211855
-125.50746433580944	38.65966775807391
-124.84120991327694	37.632658697942254
-124.1768675765033	36.597385225209685
-123.51442715032655	35.55472388792861
-122.85387848871483	34.50552018518011
-122.19521147461066	33.450590074815764
-121.5384160197762	32.390721381201
-120.88348206463868	31.326675111538396
-120.23039957813639	30.259186688484615
-119.57915855756484	29.188967105962526
-118.92974902842373	28.11670401440855
-118.2821610442643	27.04306274103325
-117.63638468653669	25.96868725019256
-116.99241006443815	24.8942010484491
-116.3502273147616	23.8202080384541
-115.7098266017446	22.747293325483387
-115.07119811691852	21.67602398000272
-114.43433207895856	20.606949759460242
-113.7992187335337	19.54060379210351
-113.16584835315744	18.477503225505803
-112.53421123703883	17.418149842134692
-111.90429771093368	16.363030644197035
-111.27609812699684	15.312618409786019
-110.64960286363392	14.267372222150824
-110.02480232535417	13.227737973835977
-109.40168694262354	12.194148847240431
-108.78024717171805	11.167025773070668
-108.16047349457757	10.146777868020042
-107.54235641866023	9.133802852928072
-106.92588647679679	8.128487452566128
-106.3110542270458	7.131207778132927
-105.69785025254888	6.142329693431281
-105.08626516138655	5.162209165672564
-104.47628958643455	4.19119260176179
-103.86791418521996	3.2296171708546995
-103.2611296397785	2.277811113933978
-102.65592665651158	1.3360940411308495
-102.05229596604411	0.4047772173949659
-101.45022832308238	-0.5158361628391591
-100.84971450627262	-1.42545071144249
-100.25074531805966	-2.3237785922847647
-99.65331158454602	-3.2105392763611773
-99.05740415535158	-4.085459305852492
-98.46301390347311	-4.948272066684292
-97.870131725145	-5.798717569194797
-97.27874853969927	-6.6365422364911275
-96.68885528942677	-7.46149870014443
-96.10044293943842	-8.273345602873887
-95.51350247752686	-9.071847407899105
-94.92802491402831	-9.85677421464318
-94.34400128168501	-10.627901580503762
-93.76142263550778	-11.385010348430376
-93.1802800526391	-12.127886480015308
-92.6005646322163	-12.856320893894589
-92.02226749523543	-13.570109309195132
-91.4453797844152	-14.269052093826824
-90.86989266406118	-14.952954117405367
-90.29579731993066	-15.62162460859971
-89.72308495909753	-16.274877016745524
-89.15174680981768	-16.91252887750653
-88.5817741213946	-17.534401682448607
-88.0131581640454	-18.140320752350316
-87.44589022876703	-18.730115114098535
-86.879961627203	-19.30361738102959
-86.3153636915102	-19.860663636562602
-85.75208777422614	-20.40109332102345
-85.19012524813672	-20.924749121489537
-84.62946750614378	-21.431476864580418
-84.07010596113346	-21.921125412048106
-83.51203204584463	-22.39354655906901
-82.95523721273767	-22.848594935140838
-82.39971293386361	-23.28612790745678
-81.84545070073344	-23.706005486709465
-81.2924420241878	-24.108090235175016
-80.74067843426704	-24.492247177038408
-80.19015148008135	-24.858343710845972
-79.64085272968146	-25.20624952402217
-79.0927737699295	-25.535836509357477
-78.54590620637	-25.846978683412086
-78.00024166310148	-26.139552106735582
-77.45577178264799	-26.413434805880772
-76.91248822583125	-26.668506697083767
-76.37038267164294	-26.904649511604962
-75.82944681711716	-27.121746722635116
-75.28967237720323	-27.319683473714772
-74.75105108463897	-27.49834650862366
-74.21357468982389	-27.65762410265518
-73.67723496069291	-27.797405995271486
-73.1420236825904	-27.917583324025426
-72.60793265814416	-28.01804855976917
-72.07495370713993	-28.09869544303181
-71.54307866639614	-28.159418921583054
-71.01229938963893	-28.200115089092563
-70.48260774737722	-28.220681124865973
-69.95399562677837	-28.221015234607062
-69.42645493154382	-28.201016592167242
-68.8999775817851	-28.160585282235026
-68.37455551390013	-28.099622243951053
-67.85018068044958	-28.018029215370486
-67.32684505003391	-27.91570867878625
-66.80454060717	-27.792563806823424
-66.28325935216854	-27.6484984093256
-65.76299330101159	-27.483416880947217
-65.24373448523015	-27.297224149458167
-64.72547495178226	-27.089825624708638
-64.20820676293101	-26.86112714822574
-63.69192199612315	-26.611034943417856
-63.17661274386762	-26.339455566336085
-62.66227111361442	-26.046295856993783
-62.14888922763399	-25.731462891187093
-61.63645922289615	-25.394863932802682
-61.12497325094994	-25.036406386575354
-60.614423477803335	-24.655997751277408
-60.10480208380325	-24.25354557329784
-59.59610126351582	-23.828957400599048
-59.08831322560679	-23.382140737010086
-58.58143019272223	-22.913002996836294
-58.07544440136937	-22.421451459761442
-57.57034810179774	-21.907393226006317
-57.066133557880406	-21.370735171722202
-56.562793046995665	-20.811383904594067
-56.06031885990849	-20.22924571962467
-55.55870330065264	-19.624226555068013
-55.057938686412726	-18.996231948495556
-54.55801734740656	-18.345166992963797
-54.058931626767716	-17.670936293244445
-53.560673880428155	-16.973443922116985
-53.06323647700126	-16.252593376664475
-52.566611797664855	-15.508287534569257
-52.07079223604462	-14.740428610367722
-51.57577019809743	-13.948918111638907
-51.08153810199534	-13.133656795102707
-50.58808837800909	-12.294544622587754
-50.095413468392394	-11.431480716849922
-49.60350582726615	-10.544363317205104
-49.11235792050282	-9.63308973494567
-48.6219622256111	-8.697556308512981
-48.13231123162063	-7.7376583583868435
-47.64339743896705	-6.7532901416638325
-47.155213359377036	-5.744344806290337
-46.66775151575366	-4.710714344905728
-46.18100444206182	-3.6522895482781808
-45.694964683214096	-2.5689599582799056
-45.20962479495623	-1.4606138203586556
-44.724977343753345	-0.32713803549605097
-44.241014906676014	0.8315818884347908
-43.7577300712866	2.015661885906806
-43.275115435525706	3.225219383656686
-42.793163607598814	4.46037335130253
-42.311867205863045	5.721244352719353
-41.83121885871413	7.0079545982225735
-41.35121120447351	8.320627997616674
-40.8718368912755	9.6593902141546
-40.39308857695493	11.024368719382327
-39.91495892893435	12.415692849308003
-39.43744062411193	13.824807486856189
-38.96052634874929	14.887615835579847
-38.48420879835944	15.710947569608667
-38.00848067759489	16.380821388880154
-37.53333470013598	16.93139424818553
-37.058763588579225	17.382915377593733
-36.584760074325835	17.74927033492614
-36.111316897470466	18.040783652344732
-35.63842680668991	18.265544104175362
-35.16608255913225	18.430126181035163
-34.694276920305654	18.54002173572116
-34.22300266396772	18.59991647204999
-33.7522525720148	18.613876482802976
-33.2820194343714	18.585479355564505
-32.812296048879794	18.51790942298687
-32.34307522118968	18.414028887258578
-31.874349764647995	18.276432170402867
-31.40611250018888	18.107488274429823
-30.938356256223656	17.909374365320183
-30.471073868531	17.684102800018636
-30.004258180147392	17.43354316568355
-29.53790204125718	17.1594404643272
-29.071998309083284	16.86343027633341
-28.606539847777764	16.547051526199024
-28.14151952831251	16.211757323600025
-27.67693022837005	15.858924243770709
-27.21276483223447	15.489860330597143
-26.749016230682425	15.105812045628026
-26.285677320874257	14.707970340548853
-25.822741006245206	14.297475995719225
-25.360200196396665	13.875424340312872
-24.89804780698779	13.442869448435207
-24.436276759626686	13.000827888911958
-23.97487998176219	12.55028209318667
-23.513850406575514	12.092183395124138
-23.053180972872003	11.627454787948281
-22.592864624972965	11.156993436610438
-22.13289431260763	10.681672978164432
-21.67326299080515	10.202345638123559
-21.21396361978672	9.719844186891711
-20.75498916485773	9.23498375725616
-20.29633259629997	8.748563541228547
-19.8379868892642	8.261368382448607
-19.37994502366221	7.77417027849144
-18.92219998405952	7.287729805985644
-18.46474475956788	6.802797480201861
-18.0075723437379	6.320115059839266
-17.550675734451715	5.840416806921238
-17.09404793381576	5.36443071111828
-16.63768194805357	4.892879687410148
-16.18157078739869	4.426482755721002
-15.725707465987547	3.965956211015806
-15.270085001752651	3.5120147924246834
-14.81469641631538	3.065372860093245
-14.359534734879261	2.626745588896563
-13.904592986123141	2.1968501885994405
-13.449864202094368	1.7764071609054648
-12.995341418102097	1.3661416047441348
-12.541017672610604	0.9667845825077446
-12.086886007132668	0.5790745615629675
-11.632939466123	0.20375894743255224
-11.179171096871693	-0.15840427233789794
-10.7255739493977	-0.506644751307035
-10.272141076342587	-0.8401778477812943
-9.818865532863803	-1.158202497220841
-9.365740376528548	-1.45989885486304
-8.912758667207362	-1.7444256613129727
-8.459913466967842	-2.010917272446425
-8.007197839968377	-2.2584802800800534
-7.554604852351922	-2.486189629840321
-7.102127572139791	-2.6930841157626624
-6.649759069125491	-2.8781610941357245
-6.197492414768572	-3.0403702073510845
-5.745320682088465	-3.1786058348379727
-5.293236945558591	-3.291697880662589
-4.841234280999998418e+00 -3.378400346538519727e+00
-4.775835324055472952e+00 -3.388682864645923054e+00
-4.711318501507224532e+00 -3.398254122658062482e+00
-4.647671896590027885e+00 -3.407134999826591404e+00
-4.584883753274711538e+00 -3.415345908650752715e+00
-4.522942474096713461e+00 -3.422906802567762696e+00
-4.461836618013959033e+00 -3.429837183610685347e+00
-4.401554898293589702e+00 -3.436156110042255296e+00
-4.342086180427227937e+00 -3.441882203940979323e+00
-4.283419480074338814e+00 -3.447033658757150842e+00
-4.225543961033340068e+00 -3.451628246808898570e+00
-4.168448933240067156e+00 -3.455683326736488148e+00
-4.112123850793238944e+00 -3.459215850895358990e+00
-4.056558310006539436e+00 -3.462242372696085368e+00
-4.001742047486979814e+00 -3.464779053874184722e+00
-3.947664938239173527e+00 -3.466841671700835903e+00
-3.894316993795155835e+00 -3.468445626127961479e+00
-3.841688360369451605e+00 -3.469605946849635636e+00
-3.789769317038988561e+00 -3.470337300309843886e+00
-3.738550273947579772e+00 -3.470653996593904722e+00
-3.688021770534589905e+00 -3.470569996363387588e+00
-3.638174473787505470e+00 -3.470098917494802038e+00
-3.588999176518044898e+00 -3.469254041847883219e+00
-3.540486795661525576e+00 -3.468048321853091753e+00
-3.492628370599143661e+00 -3.466494387025742085e+00
-3.445415061502885123e+00 -3.464604550411022998e+00
-3.398838147702732293e+00 -3.462390814929399596e+00
-3.352889026075891898e+00 -3.459864879646830538e+00
-3.307559209457727523e+00 -3.457038145955703801e+00
-3.262840325074118031e+00 -3.453921723664077348e+00
-3.218724112994933328e+00 -3.450526437003635927e+00
-3.175202424608369434e+00 -3.446862830550776913e+00
-3.132267221115824896e+00 -3.442941175051496661e+00
-3.089910572047082749e+00 -3.438771473168648285e+00
-3.048124653795481809e+00 -3.434363465132114435e+00
-3.006901748172833955e+00 -3.429726634307739719e+00
-2.966234240983824488e+00 -3.424870212676639714e+00
-2.926114620619599371e+00 -3.419803186223861591e+00
-2.886535476670315514e+00 -3.414534300241743203e+00
-2.847489498556382337e+00 -3.409072064578325456e+00
-2.808969474178137027e+00 -3.403424758652497939e+00
-2.770968288583712358e+00 -3.397600436662596923e+00
-2.733478922654854593e+00 -3.391606932439501065e+00
-2.696494451810426796e+00 -3.385451864343603123e+00
-2.660008044727397714e+00 -3.379142640051470803e+00
-2.624012962079030231e+00 -3.372686461266032776e+00
-2.588502555290081553e+00 -3.366090328333407378e+00
-2.553470265308756204e+00 -3.359361044782459338e+00
-2.518909621395199139e+00 -3.352505221785116785e+00
-2.484814239926298907e+00 -3.345529282528690640e+00
-2.451177823216579732e+00 -3.338439466513209553e+00
-2.417994158354974665e+00 -3.331241833770870464e+00
-2.385257116057247107e+00 -3.323942269000295990e+00
-2.352960649533863524e+00 -3.316546485627988705e+00
-2.321098793373109093e+00 -3.309060029795709568e+00
-2.289665662439222871e+00 -3.301488284263760065e+00
-2.258655450785371333e+00 -3.293836472245394997e+00
-2.228062430581241760e+00 -3.286109661169402063e+00
-2.197880951055068088e+00 -3.278312766317417193e+00
-2.168105437449889816e+00 -3.270450554613908434e+00
-2.138730389993846792e+00 -3.262527647910064665e+00
-2.109750382884331366e+00 -3.254548526628714189e+00
-2.081160063285801165e+00 -3.246517533123605581e+00
-2.052954150341063322e+00 -3.238438875014134410e+00
-2.025127434195861831e+00 -3.230316628456989303e+00
-1.997674775036576644e+00 -3.222154741342276640e+00
-1.970591102140858863e+00 -3.213957036434082593e+00
-1.943871412941028609e+00 -3.205727214440318384e+00
-1.917510772100057936e+00 -3.197468857024142075e+00
-1.891504310599984917e+00 -3.189185429747186440e+00
-1.865847224842556162e+00 -3.180880284955046822e+00
-1.840534775761969666e+00 -3.172556664606082322e+00
-1.815562287949534337e+00 -3.164217703030123285e+00
-1.790925148790080801e+00 -3.155866429640599602e+00
-1.766618807609976471e+00 -3.147505771580767941e+00
-1.742638774836583693e+00 -3.139138556317838891e+00
-1.718980621168993084e+00 -3.130767514279882313e+00
-1.695639976759904410e+00 -3.122395280949439744e+00
-1.672612530408477127e+00 -3.114024399860019443e+00
-1.649894028764017806e+00 -3.105657324608528391e+00
-1.627480275540352794e+00 -3.097296421258480592e+00
-1.605367130740745107e+00 -3.088943970622322510e+00
-1.583550509893198344e+00 -3.080602170480013502e+00
-1.562026383296025500e+00 -3.072273137758228412e+00
-1.540790775273531699e+00 -3.063958910650810274e+00
-1.519839763441674041e+00 -3.055661450699871384e+00
-1.499169477983569587e+00 -3.047382644826854392e+00
-1.478776100934706017e+00 -3.039124307322742524e+00
-1.458655865477734404e+00 -3.030888181783865321e+00
-1.438805055246709985e+00 -3.022675943013092059e+00
-1.419220003640648597e+00 -3.014489198873462783e+00
-1.399897093146277083e+00 -3.006329492102309597e+00
-1.380832754669850448e+00 -2.998198302078169952e+00
-1.362023466877911648e+00 -2.990097046554356819e+00
-1.343465755546873197e+00 -2.982027083345978991e+00
-1.325156192921302267e+00 -2.973989711985878692e+00
-1.307091397080784700e+00 -2.965986175331047914e+00
-1.289268031315261354e+00 -2.958017661142183119e+00
-1.271682803508706439e+00 -2.950085303618072974e+00
-1.254332465531053264e+00 -2.942190184903675121e+00
-1.237213812638235488e+00 -2.934333336548324400e+00
-1.220323682880246174e+00 -2.926515740945432764e+00
-1.203658956517101419e+00 -2.918738332722710993e+00
-1.187216555442599075e+00 -2.911002000115552768e+00
-1.170993442615769764e+00 -2.903307586289630038e+00
-1.154986621499909827e+00 -2.895655890648070940e+00
-1.139193135509097621e+00 -2.888047670095668984e+00
-1.123610067462089690e+00 -2.880483640276674695e+00
-1.108234539043494227e+00 -2.872964476787544186e+00
-1.093063710272121902e+00 -2.865490816349855141e+00
-1.078094778976422141e+00 -2.858063257960345105e+00
-1.063324980276897369e+00 -2.850682364015628689e+00
-1.048751586075408415e+00 -2.843348661404645927e+00
-1.034371904551273813e+00 -2.836062642573419001e+00
-1.020183279664069964e+00 -2.828824766567369586e+00
-1.006183090663037571e+00 -2.821635460045773591e+00
-9.923687516030106348e-01 -2.814495118268461660e+00
-9.787377108667699721e-01 -2.807404106065650939e+00
-9.652874506937413335e-01 -2.800362758771628435e+00
-9.520154867149436262e-01 -2.793371383144276798e+00
-9.389193674941065382e-01 -2.786430258257844184e+00
-9.259966740748726277e-01 -2.779539636375015110e+00
-9.132450195339940624e-01 -2.772699743825951746e+00
-9.006620485404533971e-01 -2.765910781698663001e+00
-8.882454369204106914e-01 -2.759172926853514340e+00
-8.759928912279131286e-01 -2.752486332565780458e+00
-8.639021483212765418e-01 -2.745851129328445772e+00
-8.519709749450663505e-01 -2.739267425592019300e+00
-8.401971673175960831e-01 -2.732735308492138859e+00
-8.285785507238729863e-01 -2.726254844554937051e+00
-8.171129791139100096e-01 -2.719826080385896905e+00
-8.057983347063337742e-01 -2.713449043335680155e+00
-7.946325275972145885e-01 -2.707123742153964674e+00
-7.836134953740436782e-01 -2.700850167623386255e+00
-7.727392027347886883e-01 -2.694628293175528988e+00
-7.620076411119593995e-01 -2.688458075493891819e+00
-7.514168283016082750e-01 -2.682339455096089509e+00
-7.409648080972013329e-01 -2.676272356902771321e+00
-7.306496499282923995e-01 -2.670256690791013909e+00
-7.204694485039311314e-01 -2.664292352135036790e+00
-7.104223234607403015e-01 -2.658379222324604996e+00
-7.005064190155991799e-01 -2.652517169277816222e+00
-6.907199036228640621e-01 -2.646706047934157535e+00
-6.810609696360685472e-01 -2.640945700736674784e+00
-6.715278329740367314e-01 -2.635235958100539566e+00
-6.621187327913491405e-01 -2.629576638864392635e+00
-6.528319311531011193e-01 -2.623967550735855525e+00
-6.436657127138921686e-01 -2.618408490717458292e+00
-6.346183844009883890e-01 -2.612899245528069070e+00
-6.256882751015983013e-01 -2.607439592003720996e+00
-6.168737353542057544e-01 -2.602029297494194537e+00
-6.081731370439003026e-01 -2.596668120242903832e+00
-5.995848731016535371e-01 -2.591355809759816164e+00
-5.911073572074782012e-01 -2.586092107169102317e+00
-5.827390234974247907e-01 -2.580876745609779643e+00
-5.744783262743518026e-01 -2.575709450496063369e+00
-5.663237397224258896e-01 -2.570589939900270959e+00
-5.582737576252896350e-01 -2.565517924860984955e+00
-5.503268930878520981e-01 -2.560493109719930604e+00
-5.424816782616483923e-01 -2.555515192301560212e+00
-5.347366640737144516e-01 -2.550583864390334465e+00
-5.270904199589353523e-01 -2.545698811886810464e+00
-5.195415335958049052e-01 -2.540859715117864681e+00
-5.120886106455607711e-01 -2.536066249095663139e+00
-5.047302744946386976e-01 -2.531318083778032246e+00
-4.974651660004017484e-01 -2.526614884317738063e+00
-4.902919432400943411e-01 -2.521956311303795495e+00
-4.832092812629806278e-01 -2.517342020993055041e+00
-4.762158718456139250e-01 -2.512771665538373611e+00
-4.693104232501986717e-01 -2.508244893204158110e+00
-4.624916599859952848e-01 -2.503761348583746660e+00
-4.557583225737285026e-01 -2.499320672797698872e+00
-4.491091673129498085e-01 -2.494922503694502414e+00
-4.425429660523173547e-01 -2.490566476042161970e+00
-4.360585059627464233e-01 -2.486252221711448218e+00
-4.296545893133904004e-01 -2.481979369857203466e+00
-4.233300332504102981e-01 -2.477747547087318036e+00
-4.170836695784924109e-01 -2.473556377630133696e+00
-4.109143445450736398e-01 -2.469405483495739073e+00
-4.048209186272335169e-01 -2.465294484631689986e+00
-3.988022663212173469e-01 -2.461222999069969664e+00
-3.928572759345438925e-01 -2.457190643071283542e+00
-3.869848493806692380e-01 -2.453197031264719996e+00
-3.811839019761610325e-01 -2.449241776782325353e+00
-3.754533622403481985e-01 -2.445324491385293175e+00
-3.697921716974109652e-01 -2.441444785587624455e+00
-3.641992846808716489e-01 -2.437602268776702719e+00
-3.586736681404516514e-01 -2.433796549325429659e+00
-3.532143014512589274e-01 -2.430027234704677408e+00
-3.478201762252713936e-01 -2.426293931585441044e+00
-3.424902961250783084e-01 -2.422596245941962767e+00
-3.372236766798498708e-01 -2.418933783146408611e+00
-3.320193451034975096e-01 -2.415306148065838876e+00
-3.268763401149925030e-01 -2.411712945144225628e+00
-3.217937117608099529e-01 -2.408153778493681507e+00
-3.167705212394648084e-01 -2.404628251970954089e+00
-3.118058407281077415e-01 -2.401135969257211844e+00
-3.068987532111490113e-01 -2.397676533931685672e+00
-3.020483523108788981e-01 -2.394249549540417021e+00
-2.972537421200519558e-01 -2.390854619663822955e+00
-2.925140370364059939e-01 -2.387491347979157741e+00
-2.878283615990847588e-01 -2.384159338324626898e+00
-2.831958503269331184e-01 -2.380858194750584911e+00
-2.786156475586358261e-01 -2.377587521576997265e+00
-2.740869072946704454e-01 -2.374346923442844037e+00
-2.696087930410442923e-01 -2.371136005357338483e+00
-2.651804776547873610e-01 -2.367954372739029534e+00
-2.608011431911728684e-01 -2.364801631463561815e+00
-2.564699807526361619e-01 -2.361677387899406177e+00
-2.521861903393649018e-01 -2.358581248947532849e+00
-2.479489807015327896e-01 -2.355512822072732604e+00
-2.437575691931498090e-01 -2.352471715337854707e+00
-2.396111816275010020e-01 -2.349457537431480780e+00
-2.355090521341483556e-01 -2.346469897694535955e+00
-2.314504230174681543e-01 -2.343508406145353273e+00
-2.274345446166988194e-01 -2.340572673501326584e+00
-2.234606751674732550e-01 -2.337662311198518417e+00
-2.195280806648078342e-01 -2.334776931408659717e+00
-2.156360347275269318e-01 -2.331916147055652200e+00
-2.117838184640942478e-01 -2.329079571827306960e+00
-2.079707203398279969e-01 -2.326266820188294560e+00
-2.041960360454745937e-01 -2.323477507386414231e+00
-2.004590683671175488e-01 -2.320711249462219961e+00
-1.967591270573963436e-01 -2.317967663252551880e+00
-1.930955287080122207e-01 -2.315246366393875377e+00
-1.894675966234974918e-01 -2.312546977324620556e+00
-1.858746606962247139e-01 -2.309869115282992880e+00
-1.823160572826318659e-01 -2.307212400304674116e+00
-1.787911290806429299e-01 -2.304576453219270071e+00
-1.752992250082584247e-01 -2.301960895644040495e+00
-1.718397000832959098e-01 -2.299365349975510231e+00
-1.684119153042563100e-01 -2.296789439381075937e+00
-1.650152375322955778e-01 -2.294232787786373073e+00
-1.616490393742788245e-01 -2.291695019862200144e+00
-1.583126990668957124e-01 -2.289175761012344879e+00
-1.550056003618165146e-01 -2.286674637353662387e+00
-1.517271324118653342e-01 -2.284191275701325630e+00
-1.484766896581924123e-01 -2.281725303546945138e+00
-1.452536717184222670e-01 -2.279276349039132565e+00
-1.420574832757587891e-01 -2.276844040959726811e+00
-1.388875339690250621e-01 -2.274428008698782921e+00
-1.357432382836193663e-01 -2.272027882229900264e+00
-1.326240154433657448e-01 -2.269643292081524599e+00
-1.295292893032403136e-01 -2.267273869307362411e+00
-1.264584882429525825e-01 -2.264919245456275654e+00
-1.234110450613627730e-01 -2.262579052538861379e+00
-1.203863968717151928e-01 -2.260252922993201796e+00
-1.173839849976686667e-01 -2.257940489648190052e+00
-1.144032548701046925e-01 -2.255641385687143785e+00
-1.114436559246940461e-01 -2.253355244606311647e+00
-1.085046415002033360e-01 -2.251081700174622391e+00
-1.055856687375222036e-01 -2.248820386389100090e+00
-1.026861984793930871e-01 -2.246570937430184767e+00
-9.980569517082474307e-02 -2.244332987613397723e+00
-9.694362676017073688e-02 -2.242106171341456733e+00
-9.409946460085547026e-02 -2.239890123049983472e+00
-9.127268335372903940e-02 -2.237684477154887830e+00
-8.846276089003288212e-02 -2.235488867994310791e+00
-8.566917819495847852e-02 -2.233302929770812906e+00
-8.289141927178132752e-02 -2.231126296487731420e+00
-8.012897104655213043e-02 -2.228958601884195367e+00
-7.738132327332805649e-02 -2.226799479366930790e+00
-7.464796843992657638e-02 -2.224648561936651170e+00
-7.192840167418343422e-02 -2.222505482113993569e+00
-6.922212065069911768e-02 -2.220369871856534338e+00
-6.652862549805536874e-02 -2.218241362475578349e+00
-6.384741870648499851e-02 -2.216119584543458032e+00
-6.117800503597781159e-02 -2.214004167798349521e+00
-5.851989142480603506e-02 -2.211894741039936108e+00
-5.587258689845175930e-02 -2.209790932017335230e+00
-5.323560247892015346e-02 -2.207692367309412873e+00
-5.060845109442163592e-02 -2.205598672193037846e+00
-4.799064748940533309e-02 -2.203509470499980694e+00
-4.538170813492899830e-02 -2.201424384457631778e+00
-4.278115113934724545e-02 -2.199343034514130046e+00
-4.018849615930238789e-02 -2.197265039140708254e+00
-3.760326431100124989e-02 -2.195190014607459439e+00
-3.502497808176155414e-02 -2.193117574726057839e+00
-3.245316124181155115e-02 -2.191047330552330585e+00
-2.988733875632656328e-02 -2.188978890031751057e+00
-2.732703669768664009e-02 -2.186911857575522422e+00
-2.477178215793791188e-02 -2.184845833539494020e+00
-2.222110316144306277e-02 -2.182780413571061562e+00
-1.967452857770364896e-02 -2.180715187762847673e+00
-1.713158803433859761e-02 -2.178649739523299544e+00
-1.459181183020271701e-02 -2.176583644008890150e+00
-1.205473084862917696e-02 -2.174516465824288147e+00
-9.519876470779991412e-03 -2.172447755425723770e+00
-6.986780489088332061e-03 -2.170377042944798163e+00
-4.454975020777234007e-03 -2.168303826001285461e+00
-1.923992421437474131e-03 -2.166227538826912546e+00
6.066348013497106480e-04 -2.164155206212885929e+00
3.137374074362235619e-03 -2.162154656955374232e+00
5.668692845074576638e-03 -2.160197001586694032e+00
8.201058667998993579e-03 -2.158268774378840682e+00
1.073493929104654167e-02 -2.156363899219033708e+00
1.327080274192378798e-02 -2.154478589067992722e+00
1.580911741458120717e-02 -2.152610145634148875e+00
1.835035215572925621e-02 -2.150756492598915326e+00
2.089497635143802018e-02 -2.148915949525640023e+00
2.344346001383655967e-02 -2.147087106886175434e+00
2.599627386792779937e-02 -2.145268750502322241e+00
2.855388943853536324e-02 -2.143459812756098426e+00
3.111677913739721579e-02 -2.141659339470527446e+00
3.368541635042485161e-02 -2.139866466508931975e+00
3.626027552514073105e-02 -2.138080402702713823e+00
3.884183225831264186e-02 -2.136300417052499956e+00
4.143056338380015496e-02 -2.134525828914100920e+00
4.402694706062961622e-02 -2.132756000325684020e+00
4.663146286131385210e-02 -2.130990329905400937e+00
4.924459186043304154e-02 -2.129228247927859030e+00
5.186681672349290062e-02 -2.127469212298028989e+00
5.449862179607690982e-02 -2.125712705221215693e+00
5.714049319330864046e-02 -2.123958230419715765e+00
5.979291888964112511e-02 -2.122205310784359256e+00
6.245638880898959217e-02 -2.120453486377305907e+00
6.513139491522415558e-02 -2.118702312717145819e+00
6.781843130303963352e-02 -2.116951359300871527e+00
7.051799428921844137e-02 -2.115200208316090791e+00
7.323058250430447558e-02 -2.113448453518470327e+00
7.595669698470412790e-02 -2.111695699241367130e+00
7.869684126523099343e-02 -2.109941559521430587e+00
8.145152147211377758e-02 -2.108185657324454620e+00
8.422124641648107146e-02 -2.106427623850489095e+00
8.700652768834298001e-02 -2.104667097916601559e+00
8.980787975108578403e-02 -2.102903725397611723e+00
9.262582003649744156e-02 -2.101137158723068499e+00
9.546086904034126186e-02 -2.099367056422009270e+00
9.831355041849557108e-02 -2.097593082710635937e+00
1.011843910836771193e-01 -2.095814907112255376e+00
1.040739213027659371e-01 -2.094032204116420104e+00
1.069826747947499185e-01 -2.092244652860863141e+00
1.099111888293068107e-01 -2.090451936843474190e+00
1.128600043260422209e-01 -2.088653743654848682e+00
1.158296659544016532e-01 -2.086849764732417345e+00
1.188207222342753805e-01 -2.085039695133825255e+00
1.218337256373142330e-01 -2.083223233325503632e+00
1.248692326889754983e-01 -2.081400080987640955e+00
1.279278040713177356e-01 -2.079569942832827589e+00
1.310100047265631007e-01 -2.077732526437055416e+00
1.341164039614459735e-01 -2.075887542081427117e+00
1.372475755523696050e-01 -2.074034702606358138e+00
1.404040978513862448e-01 -2.072173723272398238e+00
1.435865538930235774e-01 -2.070304321632625122e+00
1.467955315019758566e-01 -2.068426217411484025e+00
1.500316234016796368e-01 -2.066539132391809197e+00
1.532954273237945031e-01 -2.064642790308836684e+00
1.565875461186088946e-01 -2.062736916749070115e+00
1.599085878663911164e-01 -2.060821239057752052e+00
1.632591659897067726e-01 -2.058895486250384543e+00
1.666398993667226047e-01 -2.056959388927788179e+00
1.700514124455181630e-01 -2.055012679199838210e+00
1.734943353594263771e-01 -2.053055090610267364e+00
1.769693040434240361e-01 -2.051086358066523285e+00
1.804769603515941068e-01 -2.049106217775265026e+00
1.840179521756811487e-01 -2.047114407179006612e+00
1.875929335647619767e-01 -2.045110664898594166e+00
1.912025648460540239e-01 -2.043094730676850990e+00
1.948475127468820844e-01 -2.041066345327467779e+00
1.985284505178292191e-01 -2.039025250684416424e+00
2.022460580570908939e-01 -2.036971189557598372e+00
2.060010220360575239e-01 -2.034903905687003078e+00
2.097940360261480175e-01 -2.032823143702925606e+00
2.136258006269181886e-01 -2.030728649086591897e+00
2.174970235954666598e-01 -2.028620168133763890e+00
2.214084199771634565e-01 -2.026497447920499795e+00
2.253607122377242755e-01 -2.024360236270789315e+00
2.293546303966558231e-01 -2.022208281726976864e+00
2.333909121620960092e-01 -2.020041333520941063e+00
2.374703030670746173e-01 -2.017859141548267399e+00
2.415935566072186513e-01 -2.015661456343348146e+00
2.457614343799297829e-01 -2.013448029056868371e+00
2.499747062250564089e-01 -2.011218611434433701e+00
2.542341503670899616e-01 -2.008972955797128535e+00
2.585405535589083703e-01 -2.006710815024010941e+00
2.628947112270965669e-01 -2.004431942535203959e+00
2.672974276188662679e-01 -2.002136092277547075e+00
2.717495159506086999e-01 -1.999823018710097378e+00
2.762517985581010582e-01 -1.997492476793525151e+00
2.808051070483984502e-01 -1.995144221978232713e+00
2.854102824534384686e-01 -1.992778010195322302e+00
2.900681753853864286e-01 -1.990393597849260843e+00
2.947796461937498558e-01 -1.987990741809437800e+00
2.995455651242920347e-01 -1.985569199406675089e+00
3.043668124797733188e-01 -1.983128728426985177e+00
3.092442787825498973e-01 -1.980669087110131787e+00
3.141788649390601096e-01 -1.978190034146543708e+00
3.191714824062291678e-01 -1.975691328677248837e+00
3.242230533598225439e-01 -1.973172730293510702e+00
3.293345108647788289e-01 -1.970633999039400841e+00
3.345067990475543152e-01 -1.968074895413200576e+00
3.397408732705105017e-01 -1.965495180372032191e+00
3.450377003083771044e-01 -1.962894615336287840e+00
3.503982585268231031e-01 -1.960272962196015323e+00
3.558235380631685763e-01 -1.957629983316893307e+00
3.613145410092697962e-01 -1.954965441548966787e+00
3.668722815966154460e-01 -1.952279100235691400e+00
3.724977863836619330e-01 -1.949570723223351898e+00
3.781920944454467137e-01 -1.946840074873170678e+00
3.839562575655142695e-01 -1.944086920072189528e+00
3.897913404301882045e-01 -1.941311024247845962e+00
3.956984208252276591e-01 -1.938512153380610226e+00
4.016785898349026773e-01 -1.935690074020025131e+00
4.077329520435258869e-01 -1.932844553301140023e+00
4.138626257394782959e-01 -1.929975358960117626e+00
4.200687431217652867e-01 -1.927082259354343963e+00
4.263524505091436656e-01 -1.924165023479940118e+00
4.327149085518550153e-01 -1.921223420992128172e+00
4.391572924460069305e-01 -1.918257222227464753e+00
4.456807921506415471e-01 -1.915266198223936733e+00
4.522866126075298920e-01 -1.912250120745524473e+00
4.589759739637343516e-01 -1.909208762305082629e+00
4.657501117969795601e-01 -1.906141896190466589e+00
4.726102773438720095e-01 -1.903049296489125464e+00
4.795577377310155098e-01 -1.899930738115700901e+00
4.865937762090584151e-01 -1.896785996839404742e+00
4.937196923897190781e-01 -1.893614849313934867e+00
5.009368024858366075e-01 -1.890417073105405077e+00
5.082464395544834534e-01 -1.887192446724919259e+00
5.156499537431931124e-01 -1.883940749658416625e+00
5.231487125393423643e-01 -1.880661762401116599e+00
5.307441010227370581e-01 -1.877355266489312946e+00
5.384375221214472429e-01 -1.874021044536911873e+00
5.462303968709391055e-01 -1.870658880269262303e+00
5.541241646765515672e-01 -1.867268558560356784e+00
5.621202835793652763e-01 -1.863849865469782152e+00
5.702202305255148485e-01 -1.860402588282166203e+00
5.784255016389918680e-01 -1.856926515545464174e+00
5.867376124979915009e-01 -1.853421437111749670e+00
5.951580984148512332e-01 -1.849887144178498755e+00
6.036885147196352497e-01 -1.846323429330076094e+00
6.123304370474155212e-01 -1.842730086582392568e+00
6.210854616293052244e-01 -1.839106911425590019e+00
6.299552055872950085e-01 -1.835453700869563498e+00
6.389413072329467314e-01 -1.831770253491172395e+00
6.480454263700045070e-01 -1.828056369478916032e+00
6.572692446009720246e-01 -1.824311850682936997e+00
6.666144656377180899e-01 -1.820536500662563117e+00
6.760828156161665659e-01 -1.816730124737638841e+00
6.856760434151258909e-01 -1.812892530037419681e+00
6.953959209793216800e-01 -1.809023525554269263e+00
7.052442436466888065e-01 -1.805122922194033919e+00
7.152228304799836955e-01 -1.801190532832421809e+00
7.253335246027809990e-01 -1.797226172366855446e+00
7.355781935399108296e-01 -1.793229657773995456e+00
7.459587295624083847e-01 -1.789200808165221313e+00
7.564770500370274764e-01 -1.785139444843308221e+00
7.671350977803974569e-01 -1.781045391362436003e+00
7.779348414178729465e-01 -1.776918473585987091e+00
7.888782757471576312e-01 -1.772758519746793437e+00
7.999674221067556434e-01 -1.768565360508325801e+00
8.112043287493321264e-01 -1.764338829026941280e+00
8.225910712200400488e-01 -1.760078761013939896e+00
8.341297527398896516e-01 -1.755784994799611143e+00
8.458225045942301401e-01 -1.751457371397898033e+00
8.576714865264145615e-01 -1.747095734571697534e+00
8.696788871367221452e-01 -1.742699930899015204e+00
8.818469242866099345e-01 -1.738269809839789293e+00
8.941778455083679855e-01 -1.733805223805439999e+00
9.066739284202579574e-01 -1.729306028224965708e+00
9.193374811472058150e-01 -1.724772081617976349e+00
9.321708427471320224e-01 -1.720203245661515945e+00
9.451763836429923904e-01 -1.715599385264861221e+00
9.583565060606152874e-01 -1.710960368639121265e+00
9.717136444724104871e-01 -1.706286067371397097e+00
9.852502660470371376e-01 -1.701576356497131126e+00
9.989688711051064596e-01 -1.696831114576812238e+00
1.012871993581014207e+00 -1.692050223768281514e+00
1.026962201490973614e+00 -1.687233569904728059e+00
1.041242097407353517e+00 -1.682381042570927798e+00
1.055714318939390051e+00 -1.677492535179091693e+00
1.070381539220376155e+00 -1.672567945049445060e+00
1.085246467401408621e+00 -1.667607173486222116e+00
1.100311849151790700e+00 -1.662610125858504206e+00
1.115580467166179091e+00 -1.657576711679735970e+00
1.131055141678567688e+00 -1.652506844688648391e+00
1.146738730983209553e+00 -1.647400442930142317e+00
1.162634131962565043e+00 -1.642257428836331412e+00
1.178744280622378460e+00 -1.637077729309616814e+00
1.195072152633982476e+00 -1.631861275806026024e+00
1.211620763883926921e+00 -1.626608004416472353e+00
1.228393171031037401e+00 -1.621317855953275489e+00
1.245392472071005452e+00 -1.615990776031807297e+00
1.262621806908609257e+00 -1.610626715156626476e+00
1.280084357937683492e+00 -1.605225628806566274e+00
1.297783350628929577e+00 -1.599787477519247991e+00
1.315722054125683327e+00 -1.594312226977928626e+00
1.333903781847757042e+00 -1.588799848097323553e+00
1.352331892103450617e+00 -1.583250317108824801e+00
1.371009788709858457e+00 -1.577663615649143702e+00
1.389940921621580561e+00 -1.572039730846091832e+00
1.409128787567957453e+00 -1.566378655405438414e+00
1.428576930698942871e+00 -1.560680387699435512e+00
1.448288943239735671e+00 -1.554944931852301204e+00
1.468268466154294405e+00 -1.549172297829364719e+00
1.488519189817848254e+00 -1.543362501523519059e+00
1.509044854698542881e+00 -1.537515564843924265e+00
1.529849252048330221e+00 -1.531631515801821219e+00
1.550936224603245428e+00 -1.525710388600068690e+00
1.572309667293189106e+00 -1.519752223718418227e+00
1.593973527961351389e+00 -1.513757068002828499e+00
1.615931808093411082e+00 -1.507724974750634495e+00
1.638188563556639776e+00 -1.501656003798861105e+00
1.660747905349056364e+00 -1.495550221609650121e+00
1.683614000358751639e+00 -1.489407701357478908e+00
1.706791072133555742e+00 -1.483228523013573774e+00
1.730283401661156573e+00 -1.477012773433442394e+00
1.754095328159831713e+00 -1.470760546439942029e+00
1.778231249879933529e+00 -1.464471942909476132e+00
1.802695624916286432e+00 -1.458147070854533434e+00
1.827492972031627971e+00 -1.451786045507447831e+00
1.852627871491260736e+00 -1.445388989403167734e+00
1.878104965909064061e+00 -1.438956032462009649e+00
1.903928961105020745e+00 -1.432487312069209873e+00
1.930104626974420201e+00 -1.425982973156072919e+00
1.956636798368893482e+00 -1.419443168280418055e+00
1.983530375989449812e+00 -1.412868057703491997e+00
2.010790327291675617e+00 -1.406257809468228981e+00
2.038421687403261018e+00 -1.399612599475680508e+00
2.066429560054029224e+00 -1.392932611561296330e+00
2.094819118518632894e+00 -1.386218037566838257e+00
2.123595606572101779e+00 -1.379469077415809375e+00
2.152764339458409726e+00 -1.372685939183525772e+00
2.182330704872233795e+00 -1.365868839168196569e+00
2.212300163954117327e+00 -1.359018001958726796e+00
2.242678252299175945e+00 -1.352133660503078261e+00
2.273470580979568556e+00 -1.345216056173856423e+00
2.304682837580906085e+00 -1.338265438831832910e+00
2.336320787252794240e+00 -1.331282066889550864e+00
2.368390273773699928e+00 -1.324266207370174753e+00
2.400897220630347384e+00 -1.317218135967301418e+00
2.433847632111827863e+00 -1.310138137102448974e+00
2.467247594418640499e+00 -1.303026503979108908e+00
2.501103276786865059e+00 -1.295883538635701937e+00
2.535420932627663326e+00 -1.288709551995871783e+00
2.570206900682337370e+00 -1.281504863918185633e+00
2.605467606193142327e+00 -1.274269803241192545e+00
2.641209562090079732e+00 -1.267004707827720456e+00
2.677439370193889889e+00 -1.259709924606252640e+00
2.714163722435453785e+00 -1.252385809609806833e+00
2.751389402091856784e+00 -1.245032728012348544e+00
2.789123285039294409e+00 -1.237651054162395958e+00
2.827372341023121738e+00 -1.230241171613703166e+00
2.866143634945207630e+00 -1.222803473154093989e+00
2.905444328168883317e+00 -1.215338360829476105e+00
2.945281679841696310e+00 -1.207846245967851617e+00
2.985663048236239625e+00 -1.200327549196265942e+00
3.026595892109277042e+00 -1.192782700459198875e+00
3.068087772079436615e+00 -1.185212139029793166e+00
3.110146352023718919e+00 -1.177616313519798119e+00
3.152779400493067818e+00 -1.169995681886421002e+00
3.195994792147292429e+00 -1.162350711434202211e+00
3.239800509209571633e+00 -1.154681878814746154e+00
3.284204642940837804e+00 -1.146989670023593755e+00
3.329215395134294653e+00 -1.139274580388922820e+00
3.374841079630352514e+00 -1.131537114563646140e+00
3.421090123852260412e+00 -1.123777786506967802e+00
3.467971070362720010e+00 -1.115997119467429410e+00
3.515492578441762994e+00 -1.108195645956209674e+00
3.563663425686181885e+00 -1.100373907722968170e+00
3.612492509630830462e+00 -1.092532455721913154e+00
3.661988849392066925e+00 -1.084671850077467026e+00
3.712161587333652424e+00 -1.076792660042782845e+00
3.763019990755415822e+00 -1.068895463956492931e+00
3.814573453605005771e+00 -1.060980849193820630e+00
3.866831498213015639e+00 -1.053049412112103678e+00
3.919803777051841909e+00 -1.045101757994142844e+00
3.973500074518567793e+00 -1.037138500985639755e+00
4.027930308742218912e+00 -1.029160264027754623e+00
4.083104533415719217e+00 -1.021167678784516530e+00
4.139032939652887322e+00 -1.013161385567867168e+00
4.195725857870819198e+00 -1.005142033254580403e+00
4.253193759697992071e+00 -9.971102792007094928e-01
4.311447259908461227e+00 -9.890667891498551301e-01
4.370497118382486335e+00 -9.810122371371693406e-01
4.430354242093975436e+00 -9.729473053872497168e-01
4.491029687125083214e+00 -9.648726842077414156e-01
4.552534660708347225e+00 -9.567890718776591585e-01
4.614880523296770676e+00 -9.486971745309399351e-01
4.678078790662178577e+00 -9.405977060335108941e-01
4.742141136022266501e+00 -9.324913878553692248e-01
4.807079392196746070e+00 -9.243789489391095460e-01
4.872905553792949540e+00 -9.162611255607039373e-01
4.939631779421335800e+00 -9.081386611858888180e-01
5.007270393941279707e+00 -9.000123063222796871e-01
5.075833890737566634e+00 -8.918828183641448470e-01
5.145334934028026552e+00 -8.837509614313242556e-01
5.215786361202707333e+00 -8.756175062069957438e-01
5.287201185195045561e+00 -8.674832297639997192e-01
5.359592596885461191e+00 -8.593489153903780542e-01
5.432973967537797044e+00 -8.512153524056541576e-01
5.507358851269144040e+00 -8.430833359764888790e-01
5.582760987553323062e+00 -8.349536669208837969e-01
5.659194303758750877e+00 -8.268271515119963722e-01
5.736672917720861520e+00 -8.187046012734605638e-01
5.815211140349853203e+00 -8.105868327703604770e-01
5.894823478273947259e+00 -8.024746673959035626e-01
5.975524636518967370e+00 -7.943689311491801686e-01
6.057329521224377622e+00 -7.862704544118400696e-01
6.140253242396655153e+00 -7.781800717166688086e-01
6.224311116700143032e+00 -7.700986215117505695e-01
6.309518670286240472e+00 -7.620269459182813510e-01
6.395891641661123117e+00 -7.539658904861438193e-01
6.483445984592853151e+00 -7.459163039410429130e-01
6.572197871058091501e+00 -7.378790379277996303e-01
6.662163694229216837e+00 -7.298549467496828758e-01
6.753360071502314099e+00 -7.218448871008971146e-01
6.845803847566457989e+00 -7.138497177953240236e-01
6.939512097515150302e+00 -7.058702994907054551e-01
7.034502130000126030e+00 -6.979074944083504262e-01
7.130791490428499912e+00 -6.899621660460921735e-01
7.228397964203443493e+00 -6.820351788895100409e-01
7.327339580009383901e+00 -6.741273981168935947e-01
7.427634613141947284e+00 -6.662396893016768740e-01
7.529301588883646090e+00 -6.583729181080605342e-01
7.632359285925550907e+00 -6.505279499858279690e-01
7.736826739835959366e+00 -6.427056498587607747e-01
7.842723246576310814e+00 -6.349068818100923606e-01
7.950068366065411674e+00 -6.271325087650401198e-01
8.058881925792197976e+00 -6.193833921687871280e-01
8.169184024478134631e+00 -6.116603916616166758e-01
8.280995035789501912e+00 -6.039643647511747648e-01
8.394335612100679356e+00 -5.962961664810616513e-01
8.509226688308711317e+00 -5.886566490976199439e-01
8.625689485700174686e+00 -5.810466617123724031e-01
8.743745515870980256e+00 -5.734670499645072583e-01
8.863416584699612244e+00 -5.659186556786588440e-01
8.984724796374983669e+00 -5.584023165219206275e-01
9.107692557479115436e+00 -5.509188656589335542e-01
9.232342581125944747e+00 -5.434691314045678734e-01
9.358697891156484872e+00 -5.360539368767480717e-01
9.486781826391633032e+00 -5.286740996452636843e-01
9.616618044942921273e+00 -5.213304313837188175e-01
9.748230528582466192e+00 -5.140237375157268307e-01
9.881643587172472820e+00 -5.067548168649006479e-01
1.001688186315558582e+01 -4.995244613023732683e-01
1.015397033610640776e+01 -4.923334553941995373e-01
1.029293432734556646e+01 -4.851825760500594331e-01
1.043379950461661565e+01 -4.780725921708255943e-01
1.057659188682720597e+01 -4.710042642992065542e-01
1.072133784885487628e+01 -4.639783442689231485e-01
1.086806412641873365e+01 -4.569955748560016739e-01
1.101679782101781591e+01 -4.500566894324968814e-01
1.116756640493682973e+01 -4.431624116203418673e-01
1.132039772632063546e+01 -4.363134549485283564e-01
1.147532001431786597e+01 -4.295105225119780212e-01
1.163236188429524631e+01 -4.227543066340904709e-01
1.179155234312289302e+01 -4.160454885297389938e-01
1.195292079453229483e+01 -4.093847379738193015e-01
1.211649704454723953e+01 -4.027727129733172373e-01
1.228231130698937967e+01 -3.962100594414516008e-01
1.245039420905881755e+01 -3.896974108762852884e-01
1.262077679699132915e+01 -3.832353880453240325e-01
1.279349054179271050e+01 -3.768245986725178853e-01
1.296856734505187170e+01 -3.704656371324233644e-01
1.314603954483314396e+01 -3.641590841472532869e-01
1.332593992164954599e+01 -3.579055064910485195e-01
1.350830170451742518e+01 -3.517054566996868359e-01
1.369315857709431228e+01 -3.455594727868623317e-01
1.388054468390038210e+01 -3.394680779649056346e-01
1.407049463662528765e+01 -3.334317803752380183e-01
1.426304352052128799e+01 -3.274510728224664380e-01
1.445822690088361107e+01 -3.215264325194489570e-01
1.465608082961981040e+01 -3.156583208370064009e-01
1.485664185190867137e+01 -3.098471830609755839e-01
1.505994701295056792e+01 -3.040934481620941598e-01
1.526603386480981683e+01 -2.983975285683169165e-01
1.547494047335103673e+01 -2.927598199493866016e-01
1.568670542527001466e+01 -2.871807010093480050e-01
1.590136783522116914e+01 -2.816605332887995305e-01
1.611896735304212669e+01 -2.761996609752148668e-01
1.633954417107758417e+01 -2.707984107247510264e-01
1.656313903160291900e+01 -2.654570914923949365e-01
1.678979323434984749e+01 -2.601759943729795022e-01
1.701954864413455581e+01 -2.549553924523105808e-01
1.725244769859073557e+01 -2.497955406697920933e-01
1.748853341600785427e+01 -2.446966756904950802e-01
1.772784940327727909e+01 -2.396590157893083717e-01
1.797043986394654880e+01 -2.346827607450647224e-01
1.821634960638422740e+01 -2.297680917468547246e-01
1.846562405205646229e+01 -2.249151713133343555e-01
1.871830924391646178e+01 -2.201241432197576786e-01
1.897445185490923691e+01 -2.153951324417821001e-01
1.923409919659220790e+01 -2.107282451066898321e-01
1.949729922787430070e+01 -2.061235684606432805e-01
1.976410056387405589e+01 -2.015811708446365313e-01
2.003455248489946783e+01 -1.971011016866796584e-01
2.030870494555022532e+01 -1.926833915020864652e-01
2.058660858394495818e+01 -1.883280519100783146e-01
2.086831473107422852e+01 -1.840350756610607819e-01
2.115387542028205203e+01 -1.798044366761279989e-01
2.144334339687657121e+01 -1.756360901010562969e-01
2.173677212787282897e+01 -1.715299723713760993e-01
2.203421581186826117e+01 -1.674860012912881835e-01
2.233572938905387772e+01 -1.635040761238868989e-01
2.264136855136191429e+01 -1.595840776962116903e-01
2.295118975275264717e+01 -1.557258685152023980e-01
2.326525021964205564e+01 -1.519292928962156786e-01
2.358360796147165672e+01 -1.481941771062447455e-01
2.390632178142366371e+01 -1.445203295179164349e-01
2.423345128728205111e+01 -1.409075407747134301e-01
2.456505690244295081e+01 -1.373555839721581906e-01
2.490119987707493721e+01 -1.338642148473846438e-01
2.524194229943278600e+01 -1.304331719843198067e-01
2.558734710732533557e+01 -1.270621770263512251e-01
2.593747809974091822e+01 -1.237509349069614573e-01
2.629239994863117502e+01 -1.204991340848276110e-01
2.665217821085686722e+01 -1.173064467961227597e-01
2.701687934029634874e+01 -1.141725293151515247e-01
2.738657070012053651e+01 -1.110970222270393770e-01
2.776132057523496499e+01 -1.080795507095931723e-01
2.814119818489299263e+01 -1.051197248275809182e-01
2.852627369548075009e+01 -1.022171398371186091e-01
2.891661823347778792e+01 -9.937137649808820694e-02
2.931230389859435803e+01 -9.658200139783397475e-02
2.971340377708898473e+01 -9.384856728486165589e-02
3.011999195526815853e+01 -9.117061340826937421e-02
3.053214353317036256e+01 -8.854766587230834818e-02
3.094993463843803028e+01 -8.597923799020094904e-02
3.137344244037848995e+01 -8.346483065510777732e-02
3.180274516421819087e+01 -8.100393271255322547e-02
3.223792210555108539e+01 -7.859602134307965005e-02
3.267905364498555798e+01 -7.624056245071841875e-02
3.312622126299093850e+01 -7.393701105857004852e-02
3.357950755494805861e+01 -7.168481171014161324e-02
3.403899624640476418e+01 -6.948339887621961253e-02
3.450477220854116212e+01 -6.733219736741827277e-02
3.497692147384554318e+01 -6.523062275198174276e-02
3.545553125200572708e+01 -6.317808177696800087e-02
3.594068994601690292e+01 -6.117397279388522152e-02
3.643248716851081070e+01 -5.921768618799830297e-02
3.693101375830745781e+01 -5.730860481129097794e-02
3.743636179719424462e+01 -5.544610441666344980e-02
3.794862462693373573e+01 -5.362955409684930230e-02
3.846789686650483020e+01 -5.185831672029402040e-02
3.899427442957979650e+01 -5.013174937387809144e-02
3.952785454223989348e+01 -4.844920380403022753e-02
4.006873576093424560e+01 -4.681002685626394627e-02
4.061701799068350027e+01 -4.521356091803585553e-02
4.117280250353363158e+01 -4.365914435909450109e-02
4.173619195726104181e+01 -4.214611196999813042e-02
4.230729041433496462e+01 -4.067379540249017877e-02
4.288620336113792320e+01 -3.924152360417763191e-02
4.347303772745056705e+01 -3.784862325235915231e-02
4.406790190620177583e+01 -3.649441918474500418e-02
4.467090577349036096e+01 -3.517823482779641048e-02
4.528216070887938827e+01 -3.389939262081492766e-02
4.590177961596950951e+01 -3.265721443453717399e-02
4.652987694325246792e+01 -3.145102198727264819e-02
4.716656870525135758e+01 -3.028013725534723505e-02
4.781197250394878040e+01 -2.914388287655707635e-02
4.846620755050911100e+01 -2.804158254982223528e-02
4.912939468729803849e+01 -2.697256142839436419e-02
4.980165641020245459e+01 -2.593614650553406273e-02
5.048311689125712576e+01 -2.493166699376847539e-02
5.117390200157953473e+01 -2.395845469795792118e-02
5.187413933462001836e+01 -2.301584437741975922e-02
5.258395822972848777e+01 -2.210317410477162167e-02
5.330348979604521276e+01 -2.121978561282854975e-02
5.403286693671693541e+01 -2.036502463414359074e-02
5.477222437344592976e+01 -1.953824123351895550e-02
5.552169867137333625e+01 -1.873879012587620005e-02
5.628142826430465817e+01 -1.796603099403965009e-02
5.705155348027869877e+01 -1.721932878673257741e-02
5.783221656748818162e+01 -1.649805401298524987e-02
5.862356172055317671e+01 -1.580158302605081527e-02
5.942573510715586593e+01 -1.512929829504732274e-02
6.023888489503805488e+01 -1.448058866619018198e-02
6.106316127936970872e+01 -1.385484961719882571e-02
6.189871651049043066e+01 -1.325148349607385007e-02
6.274570492203173444e+01 -1.266989975085553062e-02
6.360428295942384835e+01 -1.210951515062085905e-02
6.447460920879176172e+01 -1.156975399236132365e-02
6.535684442624818757e+01 -1.105004829920511709e-02
6.625115156758559465e+01 -1.054983800448579950e-02
6.715769581837625424e+01 -1.006857112883239105e-02
6.807664462448255449e+01 -9.605703942075254770e-03
6.900816772298632884e+01 -9.160701116167114383e-03
6.995243717353987734e+01 -8.733035867123550150e-03
7.090962739014746319e+01 -8.322190083711922953e-03
7.187991517338016934e+01 -7.927654446758384751e-03
7.286347974303328101e+01 -7.548928538091585934e-03
7.386050277122858176e+01 -7.185520936927021138e-03
7.487116841597170946e+01 -6.836949305397584976e-03
7.589566335516639128e+01 -6.502740463943497244e-03
7.693417682109654265e+01 -6.182430457048179728e-03
7.798690063537786443e+01 -5.875564606492917306e-03
7.905402924438976697e+01 -5.581697555501650802e-03
8.013575975519037797e+01 -5.300393302300990261e-03
8.123229197192397066e+01 -5.031225225193730263e-03
8.234382843272703667e+01 -4.773776093032975829e-03
8.347057444713740892e+01 -4.527638074543127375e-03
8.461273813401791699e+01 -4.292412728762769539e-03
8.577053045999630854e+01 -4.067710992127266181e-03
8.694416527843361564e+01 -3.853153158854954585e-03
8.813385936892343864e+01 -3.648368843260831745e-03
8.933983247733398514e+01 -3.452996944869302434e-03
9.056230735639567797e+01 -3.266685595625790084e-03
9.180150980684655337e+01 -3.089092108723427710e-03
9.305766871913814953e+01 -2.919882909537445739e-03
9.433101611571478884e+01 -2.758733468035541071e-03
9.562178719386842829e+01 -2.605328220041104332e-03
9.693022036918300444e+01 -2.459360480768933190e-03
9.825655731957014893e+01 -2.320532356651435965e-03
9.960104302991052805e+01 -2.188554644637016183e-03
1.009639258373030231e+02 -2.063146729163827051e-03
1.023454574769353655e+02 -1.944036477700992810e-03
1.037458931285819546e+02 -1.830960120701894409e-03
1.051654914637364300e+02 -1.723662136213194524e-03
1.066045146933915220e+02 -1.621895127236819322e-03
1.080632286164704254e+02 -1.525419690928285586e-03
1.095419026689231998e+02 -1.434004289179145915e-03
1.110408099734921734e+02 -1.347425111278741181e-03
1.125602273901614581e+02 -1.265465938516199774e-03
1.141004355672936583e+02 -1.187917998421937496e-03
1.156617189934693215e+02 -1.114579822044147470e-03
1.172443660500327098e+02 -1.045257096407340184e-03
1.188486690643596404e+02 -9.797625176919350174e-04
1.204749243638511018e+02 -9.179156353680119427e-04
1.221234323306688765e+02 -8.595427029094925789e-04
1.237944974572166785e+02 -8.044765226815198513e-04
1.254884284023843293e+02 -7.525562905408228823e-04
1.272055380485574005e+02 -7.036274401662992060e-04
1.289461435594110412e+02 -6.575414875042225223e-04
1.307105664384909574e+02 -6.141558711496441928e-04
1.324991325885983429e+02 -5.733337970714680537e-04
1.343121723719873728e+02 -5.349440822555853519e-04
1.361500206713840839e+02 -4.988609974121019711e-04
1.380130169518437810e+02 -4.649641108700300644e-04
1.399015053234509196e+02 -4.331381346233699188e-04
1.418158346048809904e+02 -4.032727686750477505e-04
1.437563583878279871e+02 -3.752625497833196860e-04
1.457234351023176373e+02 -3.490066992582797640e-04
1.477174280829102599e+02 -3.244089715972013361e-04
1.497387056358135169e+02 -3.013775086552491307e-04
1.517876411069093763e+02 -2.798246908128102992e-04
1.538646129507162073e+02 -2.596669943952423405e-04
1.559700048002902122e+02 -2.408248483802916064e-04
1.581042055380873705e+02 -2.232224919010513298e-04
1.602676093677912945e+02 -2.067878412636065986e-04
1.624606158871277160e+02 -1.914523514328640881e-04
1.646836301616710898e+02 -1.771508829180160386e-04
1.669370627996658243e+02 -1.638215727800729129e-04
1.692213300278666281e+02 -1.514057078487562717e-04
1.715368537684200305e+02 -1.398475967624533006e-04
1.738840617167972198e+02 -1.290944517343413204e-04
1.762633874207909912e+02 -1.190962679600094732e-04
1.786752703605979491e+02 -1.098057087330734326e-04
1.811201560299910227e+02 -1.011779888512877833e-04
1.835984960186085857e+02 -9.317076916588567777e-05
1.861107480953640447e+02 -8.574404901601407778e-05
1.886573762930017040e+02 -7.886005674690298064e-05
1.912388509938049310e+02 -7.248315692734730060e-05
1.938556490164820048e+02 -6.657974781027462853e-05
1.965082537042354147e+02 -6.111816475886431394e-05
1.991971550140422664e+02 -5.606859509790998865e-05
2.019228496071500842e+02 -5.140298166313313314e-05
2.046858409408170587e+02 -4.709494295609237984e-05
2.074866393613016555e+02 -4.311968876429949916e-05
2.103257621981304055e+02 -3.945393785301087180e-05
2.132037338596504128e+02 -3.607584631338834344e-05
2.161210859298923879e+02 -3.296492637187384170e-05
2.190783572667600652e+02 -3.010198376908061450e-05
2.220760941015585956e+02 -2.746904143707083333e-05
2.251148501398905353e+02 -2.504928036385429462e-05
2.281951866639270463e+02 -2.282697217981389376e-05
2.313176726360839837e+02 -2.078742009784392833e-05
2.344828848041107108e+02 -1.891690354985038058e-05
2.376914078076229089e+02 -1.720261853305086395e-05
2.409438342860872240e+02 -1.563262982063312855e-05
2.442407649882892713e+02 -1.419581618024181894e-05
2.475828088832938079e+02 -1.288182464397023366e-05
2.509705832729293888e+02 -1.168102553885222076e-05
2.544047139058050675e+02 -1.058446593929278652e-05
2.578858350928950358e+02 -9.583830148031953608e-06
2.614145898246971456e+02 -8.671402127196991367e-06
2.649916298900017182e+02 -7.840023460736733461e-06
2.686176159962789143e+02 -7.083060363095291522e-06
2.722932178917196779e+02 -6.394372276961782136e-06
2.760191144889408861e+02 -5.768275358348095048e-06
2.797959939903865916e+02 -5.199515634985600449e-06
2.836245540154462788e+02 -4.683238598665462061e-06
2.875055017293075821e+02 -4.214964985017336034e-06
2.914395539735781995e+02 -3.790560493351430917e-06
2.954274373986892215e+02 -3.406219161607860533e-06
2.994698885981168814e+02 -3.058433968321573721e-06
3.035676542444326742e+02 -2.743976607815748485e-06
3.077214912272244192e+02 -2.459881869152378823e-06
3.119321667928952024e+02 -2.203425394058328752e-06
3.162004586863840245e+02 -1.972105101362555418e-06
3.205271552948173621e+02 -1.763627918885777705e-06
3.249130557931345606e+02 -1.575893521409412236e-06
3.293589702916978013e+02 -1.406977255363819721e-06
3.338657199859293314e+02 -1.255119814490774005e-06
3.384341373079896016e+02 -1.118712832243390834e-06
3.430650660805375765e+02 -9.962887689094944412e-07
3.477593616725868628e+02 -8.865065507723053124e-07
3.525178911575044367e+02 -7.881463040408516179e-07
3.573415334731611210e+02 -7.000941238895229174e-07
3.622311795842804827e+02 -6.213397167299907346e-07
3.671877326470086587e+02 -5.509624278389979606e-07
3.722121081757303500e+02 -4.881260966022951025e-07
3.773052342121761740e+02 -4.320731039157036125e-07
3.824680514968343914e+02 -3.821154283082995795e-07
3.877015136427187372e+02 -3.376302230799671643e-07
3.930065873115018462e+02 -2.980543664905752325e-07
3.983842523920717440e+02 -2.628773130573450066e-07
4.038355021815190753e+02 -2.316391754363154062e-07
4.093613435686123694e+02 -2.039248457411984452e-07
4.149627972197730514e+02 -1.793592268176594965e-07
4.206408977676060204e+02 -1.576056907585154920e-07
4.263966940019986396e+02 -1.383593183262904755e-07
4.322312490638464624e+02 -1.213480997933762134e-07
4.381456406414176854e+02 -1.063267051572791936e-07
4.441409611694169257e+02 -9.307548146680721825e-08
4.502183180307605426e+02 -8.139627558440764372e-08
4.563788337611225074e+02 -7.111339278910508080e-08
4.626236462562766292e+02 -6.206843464775756372e-08
4.689539089822696951e+02 -5.412024956812487737e-08
4.753707911884827695e+02 -4.714286229284225541e-08
4.818754781235936093e+02 -4.102443186545143950e-08
4.884691712545081828e+02 -3.566329799281521722e-08
4.951530884882745340e+02 -3.097163581875816736e-08
5.019284643970465254e+02 -2.686970312985632788e-08
5.087965504461117234e+02 -2.328698371651238629e-08
5.157586152250547684e+02 -2.016115058618893857e-08
5.228159446820678795e+02 -1.743110577213711890e-08
5.299698423614834155e+02 -1.505943870812602904e-08
5.372216296445410535e+02 -1.299676754156040032e-08
5.445726459934653576e+02 -1.122559756088749912e-08
5.520242491988664142e+02 -9.669354930993274087e-09
5.595778156305433413e+02 -8.319834373821313072e-09
5.672347404917017002e+02 -7.151072889967823552e-09
5.749964380766672321e+02 -6.139743403021011647e-09
5.828643420321100166e+02 -5.265572400374145356e-09
5.908399056218528358e+02 -4.508999220286305698e-09
5.989246019953041014e+02 -3.862619796221016256e-09
6.071199244595526352e+02 -3.304259213534605539e-09
6.154273867552017236e+02 -2.815389721135465169e-09
6.238485233359604081e+02 -2.400995195021420752e-09
6.323848896520772769e+02 -2.045218481155957554e-09
6.410380624376371088e+02 -1.740030424113638718e-09
6.498096400018032455e+02 -1.478646719875051810e-09
6.587012425240295670e+02 -1.255257938891170583e-09
6.677145123533299511e+02 -1.064136243304545611e-09
6.768511143116231779e+02 -9.011245039791198428e-10
6.861127360012482086e+02 -7.621708442825591708e-10
6.955010881166684840e+02 -6.439073172691828968e-10
7.050179047604594871e+02 -5.433191517300433702e-10
7.146649437636025368e+02 -4.577283522475959508e-10
7.244439870101788301e+02 -3.853962670712752376e-10
7.343568407664890856e+02 -3.239473926812790809e-10
7.444053360146892828e+02 -2.718929250214404498e-10
7.545913287909912697e+02 -2.281109086583297159e-10
7.649167005284768948e+02 -1.910584696581867592e-10
7.753833584046263923e+02 -1.597093530566460699e-10
7.859932356935763664e+02 -1.335546063444474193e-10
7.967482921232227682e+02 -1.113927092710567042e-10
8.076505142371863712e+02 -9.278543646789031810e-11
8.187019157617538667e+02 -7.721740688990317987e-11
8.299045379778201550e+02 -6.419324889445949085e-11
8.412604500979362001e+02 -5.318283676047154609e-11
8.527717496485013271e+02 -4.410461835945838398e-11
8.644405628572021669e+02 -3.654697498361742077e-11
8.762690450457326961e+02 -3.017805050627384357e-11
8.882593810279109903e+02 -2.496526795225379811e-11
9.004137855132191817e+02 -2.061924876806127208e-11
9.127345035158907649e+02 -1.681415394429394987e-11
9.252238107695686722e+02 -1.387631931584757166e-11
9.378840141476654253e+02 -1.150512490448721506e-11
9.507174520894479883e+02 -9.246972590237978740e-12
9.637264950319716945e+02 -7.664476329476327438e-12
9.769135458479240697e+02 -6.276435162468584804e-12
9.902810402894410799e+02 -5.067488127735349745e-12
1.003831447438025293e+03 -4.218435902091654217e-12
1.017567270160589260e+03 -3.490269586214744692e-12
1.031491045571769064e+03 -2.834538274829100336e-12
1.045605345502535783e+03 -2.282674906941307928e-12
1.059912776975246970e+03 -1.801494715273764922e-12
1.074415982685169638e+03 -1.370317046233300274e-12
1.089117641488621757e+03 -1.191712145852905571e-12
1.104020468897763294e+03 -1.017353679534181241e-12
1.119127217582186404e+03 -7.031871743518712144e-13
1.134440677877342523e+03 -5.977355898180186844e-13
1.149963678299952335e+03 -5.257187829045731788e-13
1.165699086070441126e+03 -4.675039483917292901e-13
1.181649807642551650e+03 -4.155369276578214342e-13
1.197818789240173373e+03 -1.656322812930458815e-13
1.214209017401549772e+03 -1.180707814458213708e-13
1.230823519530901194e+03 -1.062809639956499616e-13
1.247665364457615397e+03 -6.954136993594051134e-14
1.264737663003092166e+03 -6.018857612400399707e-14
1.282043568555320689e+03 -5.637190947259664835e-14
1.299586277651352930e+03 -4.846408509185673628e-14
1.317369030567711661e+03 -4.477686468508433710e-14
1.335395111918912107e+03 -1.172449103214727026e-14
1.353667851264139472e+03 -1.172449103214727026e-14
1.372190623722261535e+03 -3.856286582090729118e-15
1.390966850595222013e+03 -1.484589361879967405e-15
1.410000000000000455e+03 0.000000000000000000e+00
