# # x, Ib, If
9.999999999999999547e-08 9.999999999999819034e-01 7.499999999999984457e-01
1.022951286804554792e-07 9.999999999999813483e-01 7.499999999999984457e-01
1.046429335175096563e-07 9.999999999999804601e-01 7.499999999999985567e-01
1.070446234967399827e-07 9.999999999999791278e-01 7.499999999999983347e-01
1.095014353514992429e-07 9.999999999999783507e-01 7.499999999999983347e-01
1.120146341997621426e-07 9.999999999999774625e-01 7.499999999999983347e-01
1.145855141955881678e-07 9.999999999999763522e-01 7.499999999999981126e-01
1.172153991955384948e-07 9.999999999999750200e-01 7.499999999999980016e-01
1.199056434403859194e-07 9.999999999999739098e-01 7.499999999999981126e-01
1.226576322524709026e-07 9.999999999999727995e-01 7.499999999999977796e-01
1.254727827490649623e-07 9.999999999999713562e-01 7.499999999999977796e-01
1.283525445721043414e-07 9.999999999999700240e-01 7.499999999999976685e-01
1.312984006346733805e-07 9.999999999999688027e-01 7.499999999999976685e-01
1.343118678846190938e-07 9.999999999999673594e-01 7.499999999999974465e-01
1.373944980856944549e-07 9.999999999999658051e-01 7.499999999999972244e-01
1.405478786166273626e-07 9.999999999999645839e-01 7.499999999999972244e-01
1.437736332885293257e-07 9.999999999999624745e-01 7.499999999999972244e-01
1.470734231810672507e-07 9.999999999999610312e-01 7.499999999999970024e-01
1.504489474978238872e-07 9.999999999999590328e-01 7.499999999999966693e-01
1.539019444412898513e-07 9.999999999999571454e-01 7.499999999999966693e-01
1.574341921079405456e-07 9.999999999999552580e-01 7.499999999999966693e-01
1.610475094038535761e-07 9.999999999999530376e-01 7.499999999999963363e-01
1.647437569813406596e-07 9.999999999999508171e-01 7.499999999999961142e-01
1.685248381970792649e-07 9.999999999999485967e-01 7.499999999999960032e-01
1.723927000922319594e-07 9.999999999999462652e-01 7.499999999999958922e-01
1.763493343950603822e-07 9.999999999999437117e-01 7.499999999999955591e-01
1.803967785465537393e-07 9.999999999999412692e-01 7.499999999999954481e-01
1.845371167495938278e-07 9.999999999999381606e-01 7.499999999999950040e-01
1.887724810421993558e-07 9.999999999999353850e-01 7.499999999999950040e-01
1.931050523954062669e-07 9.999999999999323874e-01 7.499999999999947820e-01
1.975370618363422137e-07 9.999999999999292788e-01 7.499999999999944489e-01
2.020707915970771703e-07 9.999999999999260591e-01 7.499999999999943379e-01
2.067085762898450913e-07 9.999999999999226175e-01 7.499999999999938938e-01
2.114528041092345183e-07 9.999999999999190647e-01 7.499999999999935607e-01
2.163059180619733229e-07 9.999999999999151790e-01 7.499999999999933387e-01
2.212704172249361895e-07 9.999999999999112932e-01 7.499999999999930056e-01
2.263488580320291995e-07 9.999999999999070743e-01 7.499999999999926725e-01
2.315438555906062183e-07 9.999999999999029665e-01 7.499999999999924505e-01
2.368580850280986303e-07 9.999999999998984146e-01 7.499999999999920064e-01
2.422942828695561385e-07 9.999999999998936406e-01 7.499999999999915623e-01
2.478552484467997860e-07 9.999999999998887557e-01 7.499999999999913403e-01
2.535438453399164433e-07 9.999999999998834266e-01 7.499999999999906741e-01
2.593630028518425576e-07 9.999999999998780975e-01 7.499999999999902300e-01
2.653157175167862599e-07 9.999999999998723244e-01 7.499999999999898970e-01
2.714050546432702495e-07 9.999999999998664402e-01 7.499999999999894529e-01
2.776341498925938380e-07 9.999999999998601119e-01 7.499999999999888978e-01
2.840062108935180389e-07 9.999999999998538946e-01 7.499999999999884537e-01
2.905245188940100441e-07 9.999999999998469002e-01 7.499999999999878986e-01
2.971924304509017933e-07 9.999999999998397948e-01 7.499999999999873435e-01
3.040133791583231193e-07 9.999999999998324673e-01 7.499999999999867883e-01
3.109908774158082744e-07 9.999999999998244737e-01 7.499999999999861222e-01
3.181285182369786176e-07 9.999999999998162581e-01 7.499999999999855671e-01
3.254299770997435218e-07 9.999999999998079314e-01 7.499999999999846789e-01
3.328990138389601305e-07 9.999999999997990496e-01 7.499999999999841238e-01
3.405394745825315588e-07 9.999999999997898348e-01 7.499999999999833467e-01
3.483552937319475888e-07 9.999999999997798428e-01 7.499999999999824585e-01
3.563504959882751952e-07 9.999999999997696287e-01 7.499999999999817923e-01
3.645291984246474197e-07 9.999999999997590816e-01 7.499999999999809042e-01
3.728956126063259580e-07 9.999999999997478684e-01 7.499999999999800160e-01
3.814540467594146718e-07 9.999999999997359890e-01 7.499999999999790168e-01
3.902089079893480387e-07 9.999999999997239986e-01 7.499999999999781286e-01
3.991647045503036999e-07 9.999999999997111200e-01 7.499999999999770184e-01
4.083260481666938755e-07 9.999999999996975752e-01 7.499999999999761302e-01
4.176976564079381170e-07 9.999999999996835864e-01 7.499999999999750200e-01
4.272843551177470761e-07 9.999999999996689315e-01 7.499999999999735767e-01
4.370910808991545954e-07 9.999999999996536104e-01 7.499999999999725775e-01
4.471228836565839670e-07 9.999999999996374012e-01 7.499999999999712452e-01
4.573849291962657623e-07 9.999999999996204147e-01 7.499999999999698019e-01
4.678825018863311976e-07 9.999999999996026512e-01 7.499999999999685807e-01
4.786210073779570401e-07 9.999999999995843325e-01 7.499999999999670264e-01
4.896059753889734234e-07 9.999999999995653477e-01 7.499999999999654721e-01
5.008430625513505472e-07 9.999999999995450306e-01 7.499999999999640288e-01
5.123380553240382038e-07 9.999999999995238253e-01 7.499999999999621414e-01
5.240968729726680207e-07 9.999999999995016209e-01 7.499999999999604761e-01
5.361255706176340262e-07 9.999999999994787503e-01 7.499999999999585887e-01
5.484303423521360191e-07 9.999999999994543254e-01 7.499999999999565903e-01
5.610175244317800693e-07 9.999999999994292343e-01 7.499999999999549249e-01
5.738935985373951709e-07 9.999999999994024780e-01 7.499999999999527045e-01
5.870651951127261247e-07 9.999999999993749444e-01 7.499999999999505951e-01
6.005390967787301750e-07 9.999999999993458566e-01 7.499999999999480416e-01
6.143222418262470640e-07 9.999999999993152144e-01 7.499999999999455991e-01
6.284217277888195786e-07 9.999999999992834621e-01 7.499999999999431566e-01
6.428448150975146159e-07 9.999999999992503774e-01 7.499999999999404920e-01
6.575989308196387324e-07 9.999999999992152944e-01 7.499999999999377165e-01
6.726916724832501906e-07 9.999999999991793231e-01 7.499999999999350520e-01
6.881308119894488174e-07 9.999999999991410204e-01 7.499999999999318323e-01
7.039242996144698839e-07 9.999999999991009414e-01 7.499999999999287237e-01
7.200802681036168978e-07 9.999999999990591970e-01 7.499999999999252820e-01
7.366070368591651833e-07 9.999999999990156763e-01 7.499999999999218403e-01
7.535131162243731013e-07 9.999999999989700461e-01 7.499999999999181766e-01
7.708072118658325251e-07 9.999999999989219734e-01 7.499999999999144018e-01
7.884982292563860546e-07 9.999999999988721244e-01 7.499999999999104050e-01
8.065952782609329000e-07 9.999999999988196109e-01 7.499999999999062972e-01
8.251076778274992545e-07 9.999999999987647659e-01 7.499999999999019673e-01
8.440449607859600973e-07 9.999999999987077004e-01 7.499999999998973044e-01
8.634168787568978311e-07 9.999999999986476373e-01 7.499999999998925304e-01
8.832334071731408657e-07 9.999999999985846877e-01 7.499999999998875344e-01
9.035047504165375402e-07 9.999999999985192956e-01 7.499999999998824274e-01
9.242413470726251729e-07 9.999999999984502397e-01 7.499999999998768763e-01
9.454538753059170266e-07 9.999999999983782972e-01 7.499999999998713252e-01
9.671532583585427875e-07 9.999999999983031351e-01 7.499999999998653299e-01
9.893506701750893304e-07 9.999999999982244203e-01 7.499999999998590017e-01
1.012057541156556304e-06 9.999999999981417087e-01 7.499999999998524514e-01
1.035285564046355152e-06 9.999999999980556664e-01 7.499999999998455680e-01
1.059046699951398246e-06 9.999999999979650722e-01 7.499999999998384625e-01
1.083353184501399967e-06 9.999999999978707033e-01 7.499999999998308020e-01
1.108217534149521546e-06 9.999999999977721155e-01 7.499999999998230304e-01
1.133652552617623692e-06 9.999999999976686427e-01 7.499999999998149258e-01
1.159671337489466446e-06 9.999999999975601739e-01 7.499999999998061551e-01
1.186287286955211143e-06 9.999999999974468201e-01 7.499999999997972733e-01
1.213514106710717431e-06 9.999999999973283593e-01 7.499999999997879474e-01
1.241365817015208130e-06 9.999999999972044584e-01 7.499999999997780664e-01
1.269856759910897179e-06 9.999999999970745623e-01 7.499999999997676303e-01
1.299001606608314791e-06 9.999999999969386710e-01 7.499999999997567501e-01
1.328815365041159692e-06 9.999999999967965625e-01 7.499999999997456479e-01
1.359313387594521221e-06 9.999999999966479036e-01 7.499999999997337685e-01
1.390511379010473934e-06 9.999999999964923614e-01 7.499999999997214450e-01
1.422425404475140342e-06 9.999999999963293806e-01 7.499999999997083444e-01
1.455071897891334112e-06 9.999999999961590724e-01 7.499999999996950217e-01
1.488467670341089003e-06 9.999999999959806596e-01 7.499999999996806999e-01
1.522629918742394669e-06 9.999999999957941421e-01 7.499999999996659339e-01
1.557576234704647449e-06 9.999999999955988539e-01 7.499999999996502797e-01
1.593324613587312192e-06 9.999999999953946839e-01 7.499999999996342925e-01
1.629893463766514373e-06 9.999999999951806329e-01 7.499999999996171951e-01
1.667301616114288719e-06 9.999999999949571450e-01 7.499999999995992095e-01
1.705568333695425518e-06 9.999999999947228879e-01 7.499999999995807798e-01
1.744713321686839258e-06 9.999999999944779727e-01 7.499999999995612399e-01
1.784756737524601303e-06 9.999999999942216222e-01 7.499999999995408118e-01
1.825719201283889901e-06 9.999999999939533923e-01 7.499999999995196065e-01
1.867621806297143000e-06 9.999999999936727280e-01 7.499999999994972910e-01
1.910486130015909443e-06 9.999999999933790740e-01 7.499999999994737543e-01
1.954334245122028328e-06 9.999999999930715422e-01 7.499999999994494404e-01
1.999188730893791120e-06 9.999999999927496885e-01 7.499999999994239053e-01
2.045072684832968524e-06 9.999999999924132910e-01 7.499999999993971489e-01
2.092009734558730452e-06 9.999999999920612392e-01 7.499999999993690603e-01
2.140024049974512827e-06 9.999999999916927562e-01 7.499999999993397504e-01
2.189140355714122775e-06 9.999999999913068427e-01 7.499999999993092192e-01
2.239383943873542526e-06 9.999999999909032766e-01 7.499999999992771338e-01
2.290780687034903773e-06 9.999999999904813919e-01 7.499999999992436051e-01
2.343357051589376997e-06 9.999999999900395231e-01 7.499999999992084110e-01
2.397140111365880768e-06 9.999999999895770042e-01 7.499999999991717736e-01
2.452157561572546100e-06 9.999999999890931690e-01 7.499999999991332489e-01
2.508437733058155551e-06 9.999999999885866853e-01 7.499999999990929478e-01
2.566009606900940228e-06 9.999999999880572199e-01 7.499999999990509814e-01
2.624902829332172068e-06 9.999999999875025525e-01 7.499999999990066835e-01
2.685147727002261942e-06 9.999999999869225720e-01 7.499999999989606092e-01
2.746775322597289260e-06 9.999999999863153910e-01 7.499999999989123145e-01
2.809817350813898520e-06 9.999999999856802324e-01 7.499999999988619104e-01
2.874306274700842523e-06 9.999999999850154309e-01 7.499999999988090638e-01
2.940275302375633297e-06 9.999999999843199872e-01 7.499999999987537747e-01
3.007758404124811273e-06 9.999999999835920139e-01 7.499999999986959320e-01
3.076790329896689711e-06 9.999999999828301789e-01 7.499999999986354249e-01
3.147406627195629602e-06 9.999999999820337049e-01 7.499999999985719201e-01
3.219643659386959096e-06 9.999999999811997053e-01 7.499999999985057508e-01
3.293538624422015347e-06 9.999999999803267370e-01 7.499999999984364729e-01
3.369129573993003915e-06 9.999999999794138006e-01 7.499999999983637533e-01
3.446455433127424634e-06 9.999999999784581206e-01 7.499999999982877030e-01
3.525556020232255469e-06 9.999999999774583648e-01 7.499999999982082111e-01
3.606472067598130735e-06 9.999999999764120906e-01 7.499999999981249443e-01
3.689245242374190969e-06 9.999999999753170776e-01 7.499999999980380139e-01
3.773918168024260115e-06 9.999999999741714385e-01 7.499999999979467535e-01
3.860534446275513078e-06 9.999999999729728417e-01 7.499999999978516074e-01
3.949138679570845397e-06 9.999999999717181787e-01 7.499999999977517984e-01
4.039776494036636208e-06 9.999999999704057840e-01 7.499999999976473264e-01
4.132494562977577877e-06 9.999999999690319941e-01 7.499999999975383025e-01
4.227340630910739522e-06 9.999999999675944773e-01 7.499999999974238385e-01
4.324363538151319181e-06 9.999999999660904582e-01 7.499999999973043785e-01
4.423613245962598697e-06 9.999999999645166060e-01 7.499999999971790343e-01
4.525140862283113441e-06 9.999999999628697012e-01 7.499999999970482500e-01
4.628998668044383571e-06 9.999999999611464130e-01 7.499999999969111375e-01
4.735240144092582324e-06 9.999999999593431887e-01 7.499999999967676967e-01
4.843919998728091971e-06 9.999999999574562537e-01 7.499999999966175945e-01
4.955094195877219097e-06 9.999999999554818331e-01 7.499999999964606090e-01
5.068819983910391680e-06 9.999999999534157080e-01 7.499999999962960739e-01
5.185155925121777952e-06 9.999999999512538817e-01 7.499999999961242114e-01
5.304161925885584618e-06 9.999999999489914693e-01 7.499999999959444663e-01
5.425899267504395410e-06 9.999999999466242517e-01 7.499999999957559504e-01
5.550430637765512279e-06 9.999999999441471221e-01 7.499999999955589969e-01
5.677820163221656305e-06 9.999999999415549734e-01 7.499999999953527174e-01
5.808133442212452276e-06 9.999999999388426986e-01 7.499999999951370011e-01
5.941437578643796000e-06 9.999999999360046354e-01 7.499999999949112928e-01
6.077801216542609126e-06 9.999999999330347888e-01 7.499999999946749263e-01
6.217294575404563345e-06 9.999999999299271636e-01 7.499999999944277906e-01
6.359989486353075802e-06 9.999999999266755424e-01 7.499999999941691087e-01
6.505959429128318026e-06 9.999999999232728198e-01 7.499999999938982143e-01
6.655279569925052669e-06 9.999999999197125566e-01 7.499999999936148853e-01
6.808026800098896704e-06 9.999999999159865371e-01 7.499999999933185668e-01
6.964279775761061195e-06 9.999999999120882110e-01 7.499999999930081485e-01
7.124118958281728725e-06 9.999999999080088076e-01 7.499999999926836303e-01
7.287626655723018144e-06 9.999999999037402221e-01 7.499999999923437910e-01
7.454887065223035171e-06 9.999999998992736838e-01 7.499999999919884086e-01
7.625986316352550611e-06 9.999999998945999780e-01 7.499999999916163729e-01
7.801012515466768639e-06 9.999999998897092235e-01 7.499999999912272397e-01
7.980055791075167697e-06 9.999999998845917615e-01 7.499999999908196768e-01
8.163208340252498205e-06 9.999999998792367117e-01 7.499999999903936843e-01
8.350564476114965694e-06 9.999999998736337492e-01 7.499999999899475966e-01
8.542220676386207392e-06 9.999999998677705504e-01 7.499999999894808589e-01
8.738275633077744774e-06 9.999999998616356800e-01 7.499999999889924718e-01
8.938830303309783023e-06 9.999999998552160374e-01 7.499999999884814361e-01
9.143987961298291850e-06 9.999999998484986330e-01 7.499999999879465307e-01
9.353854251535443924e-06 9.999999998414700331e-01 7.499999999873869783e-01
9.568537243190438049e-06 9.999999998341152496e-01 7.499999999868013356e-01
9.788147485758986121e-06 9.999999998264196277e-01 7.499999999861886035e-01
1.001279806598992079e-05 9.999999998183665140e-01 7.499999999855473387e-01
1.024260466611854795e-05 9.999999998099402543e-01 7.499999999848763199e-01
1.047768562343632585e-05 9.999999998011234181e-01 7.499999999841742149e-01
1.071816199122777395e-05 9.999999997918976868e-01 7.499999999834392472e-01
1.096415760110611949e-05 9.999999997822438536e-01 7.499999999826704178e-01
1.121579912677946920e-05 9.999999997721429335e-01 7.499999999818657281e-01
1.147321614928045910e-05 9.999999997615733882e-01 7.499999999810238460e-01
1.173654122369324345e-05 9.999999997505139016e-01 7.499999999801428840e-01
1.200590994741173285e-05 9.999999997389414919e-01 7.499999999792208438e-01
1.228146102996443515e-05 9.999999997268325114e-01 7.499999999782560600e-01
1.256333636444211122e-05 9.999999997141623131e-01 7.499999999772465342e-01
1.285168110056454129e-05 9.999999997009045849e-01 7.499999999761900460e-01
1.314664371942427407e-05 9.999999996870324592e-01 7.499999999750847079e-01
1.344837610994607853e-05 9.999999996725172924e-01 7.499999999739279666e-01
1.375703364710100226e-05 9.999999996573289973e-01 7.499999999727172684e-01
1.407277527191552651e-05 9.999999996414371539e-01 7.499999999714506149e-01
1.439576357331730721e-05 9.999999996248083445e-01 7.499999999701252307e-01
1.472616487185910473e-05 9.999999996074088182e-01 7.499999999687380070e-01
1.506414930536430117e-05 9.999999995892029370e-01 7.499999999672865014e-01
1.540989091653835225e-05 9.999999995701533972e-01 7.499999999657676053e-01
1.576356774259075828e-05 9.999999995502210082e-01 7.499999999641780990e-01
1.612536190691398868e-05 9.999999995293651356e-01 7.499999999625150959e-01
1.649545971286681397e-05 9.999999995075423698e-01 7.499999999607745993e-01
1.687405173970983171e-05 9.999999994847085238e-01 7.499999999589531674e-01
1.726133294074280879e-05 9.999999994608169684e-01 7.499999999570475806e-01
1.765750274369470447e-05 9.999999994358184097e-01 7.499999999550535090e-01
1.806276515341749089e-05 9.999999994096614442e-01 7.499999999529664008e-01
1.847732885693689357e-05 9.999999993822926703e-01 7.499999999507828141e-01
1.890140733091452973e-05 9.999999993536557996e-01 7.499999999484977531e-01
1.933521895157610162e-05 9.999999993236928786e-01 7.499999999461066658e-01
1.977898710716254540e-05 9.999999992923415126e-01 7.499999999436042231e-01
2.023294031296266521e-05 9.999999992595384191e-01 7.499999999409857621e-01
2.069731232898495263e-05 9.999999992252157632e-01 7.499999999382458427e-01
2.117234228033088896e-05 9.999999991893036011e-01 7.499999999353788027e-01
2.165827478033101138e-05 9.999999991517279918e-01 7.499999999323784250e-01
2.215536005650628815e-05 9.999999991124126630e-01 7.499999999292387143e-01
2.266385407942129464e-05 9.999999990712767906e-01 7.499999999259534533e-01
2.318401869449471692e-05 9.999999990282358864e-01 7.499999999225155367e-01
2.371612175683427448e-05 9.999999989832022429e-01 7.499999999189177480e-01
2.426043726916706734e-05 9.999999989360837116e-01 7.499999999151533148e-01
2.481724552293568164e-05 9.999999988867838141e-01 7.499999999112139104e-01
2.538683324263163148e-05 9.999999988352015201e-01 7.499999999070917633e-01
2.596949373344267483e-05 9.999999987812319135e-01 7.499999999027778808e-01
2.656552703228805794e-05 9.999999987247639721e-01 7.499999998982641580e-01
2.717524006232025567e-05 9.999999986656827877e-01 7.499999998935404921e-01
2.779894679097319135e-05 9.999999986038673461e-01 7.499999998885976682e-01
2.843696839163743466e-05 9.999999985391909707e-01 7.499999998834253612e-01
2.908963340904596306e-05 9.999999984715223222e-01 7.499999998780129129e-01
2.975727792845633485e-05 9.999999984007226228e-01 7.499999998723491101e-01
3.044024574871524467e-05 9.999999983266472103e-01 7.499999998664224066e-01
3.113888855929513829e-05 9.999999982491452055e-01 7.499999998602204787e-01
3.185356612139458995e-05 9.999999981680576244e-01 7.499999998537306700e-01
3.258464645319462992e-05 9.999999980832197100e-01 7.499999998469395468e-01
3.333250601936691657e-05 9.999999979944576012e-01 7.499999998398330092e-01
3.409752992493195455e-05 9.999999979015912199e-01 7.499999998323966244e-01
3.488011211356602828e-05 9.999999978044300519e-01 7.499999998246149602e-01
3.568065557045950773e-05 9.999999977027764775e-01 7.499999998164719184e-01
3.649957252983166025e-05 9.999999975964227739e-01 7.499999998079508456e-01
3.733728468720754932e-05 9.999999974851524476e-01 7.499999997990342004e-01
3.819422341656695852e-05 9.999999973687385690e-01 7.499999997897037751e-01
3.907082999247783321e-05 9.999999972469438836e-01 7.499999997799398077e-01
3.996755581732727502e-05 9.999999971195204784e-01 7.499999997697226473e-01
4.088486265376779940e-05 9.999999969862085614e-01 7.499999997590308665e-01
4.182322286249925709e-05 9.999999968467364608e-01 7.499999997478429270e-01
4.278311964550737568e-05 9.999999967008207369e-01 7.499999997361356252e-01
4.376504729488499366e-05 9.999999965481639608e-01 7.499999997238845362e-01
4.476951144736480379e-05 9.999999963884554921e-01 7.499999997110646799e-01
4.579702934469316789e-05 9.999999962213708127e-01 7.499999996976498551e-01
4.684813009997973552e-05 9.999999960465695281e-01 7.499999996836117511e-01
4.792335497016156310e-05 9.999999958636968111e-01 7.499999996689225013e-01
4.902325763471832270e-05 9.999999956723806260e-01 7.499999996535506863e-01
5.014840448078622121e-05 9.999999954722321727e-01 7.499999996374652200e-01
5.129937489481566928e-05 9.999999952628449984e-01 7.499999996206331287e-01
5.247676156092106607e-05 9.999999950437938878e-01 7.499999996030195515e-01
5.368117076607988909e-05 9.999999948146338635e-01 7.499999995845879619e-01
5.491322271233658369e-05 9.999999945749001862e-01 7.499999995653008344e-01
5.617355183616992552e-05 9.999999943241064670e-01 7.499999995451182011e-01
5.746280713519226626e-05 9.999999940617434468e-01 7.499999995239984285e-01
5.878165250234699960e-05 9.999999937872798839e-01 7.499999995018981069e-01
6.013076706777404029e-05 9.999999935001585571e-01 7.499999994787717172e-01
6.151084554852439840e-05 9.999999931997985980e-01 7.499999994545715198e-01
6.292259860629938108e-05 9.999999928855911602e-01 7.499999994292478878e-01
6.436675321340043705e-05 9.999999925568999748e-01 7.499999994027484185e-01
6.584405302707918941e-05 9.999999922130600183e-01 7.499999993750186000e-01
6.735525877247813093e-05 9.999999918533752918e-01 7.499999993460013670e-01
6.890114863436028214e-05 9.999999914771188214e-01 7.499999993156368783e-01
7.048251865783073441e-05 9.999999910835293271e-01 7.499999992838626284e-01
7.210018315825413840e-05 9.999999906718116671e-01 7.499999992506131141e-01
7.375497514058015349e-05 9.999999902411340624e-01 7.499999992158197237e-01
7.544774672829441706e-05 9.999999897906266533e-01 7.499999991794109588e-01
7.717936960221306658e-05 9.999999893193801670e-01 7.499999991413119904e-01
7.895073544934819881e-05 9.999999888264441417e-01 7.499999991014439926e-01
8.076275642207671917e-05 9.999999883108239285e-01 7.499999990597250310e-01
8.261636560784636220e-05 9.999999877714804697e-01 7.499999990160689523e-01
8.451251750966200205e-05 9.999999872073263019e-01 7.499999989703861614e-01
8.645218853760121280e-05 9.999999866172262220e-01 7.499999989225821784e-01
8.843637751160931257e-05 9.999999859999915142e-01 7.499999988725588596e-01
9.046610617583414056e-05 9.999999853543801720e-01 7.499999988202129542e-01
9.254241972476700965e-05 9.999999846790941227e-01 7.499999987654367706e-01
9.466638734145780881e-05 9.999999839727758966e-01 7.499999987081172881e-01
9.683910274808267831e-05 9.999999832340060735e-01 7.499999986481367120e-01
9.906168476914967397e-05 9.999999824613010624e-01 7.499999985853712525e-01
1.013352779076289345e-04 9.999999816531099928e-01 7.499999985196915686e-01
1.036610529343062937e-04 9.999999808078114949e-01 7.499999984509626572e-01
1.060402074906636831e-04 9.999999799237107023e-01 7.499999983790426317e-01
1.084739667055965162e-04 9.999999789990358101e-01 7.499999983037833884e-01
1.109635838262844917e-04 9.999999780319350773e-01 7.499999982250300512e-01
1.135103408635428112e-04 9.999999770204721639e-01 7.499999981426200835e-01
1.161155492519848722e-04 9.999999759626235774e-01 7.499999980563842872e-01
1.187805505253355758e-04 9.999999748562747870e-01 7.499999979661444716e-01
1.215067170072455806e-04 9.999999736992146726e-01 7.499999978717150073e-01
1.242954525179588835e-04 9.999999724891321939e-01 7.499999977729012723e-01
1.271481930972004706e-04 9.999999712236126159e-01 7.499999976694998738e-01
1.300664077436553521e-04 9.999999699001315134e-01 7.499999975612976488e-01
1.330515991714182884e-04 9.999999685160509966e-01 7.499999974480717757e-01
1.361053045838061734e-04 9.999999670686136044e-01 7.499999973295889966e-01
1.392290964649305172e-04 9.999999655549377531e-01 7.499999972056050623e-01
1.424245833894361693e-04 9.999999639720124067e-01 7.499999970758647327e-01
1.456934108508264934e-04 9.999999623166898610e-01 7.499999969401009992e-01
1.490372621087978039e-04 9.999999605856819684e-01 7.499999967980337523e-01
1.524578590560224107e-04 9.999999587755512565e-01 7.499999966493706705e-01
1.559569631048257177e-04 9.999999568827070417e-01 7.499999964938053321e-01
1.595363760942121142e-04 9.999999549033961044e-01 7.499999963310174378e-01
1.631979412177096906e-04 9.999999528336968035e-01 7.499999961606713672e-01
1.669435439725103915e-04 9.999999506695124163e-01 7.499999959824164009e-01
1.707751131303924413e-04 9.999999484065609234e-01 7.499999957958853880e-01
1.746946217309283558e-04 9.999999460403689033e-01 7.499999956006939694e-01
1.787040880974882773e-04 9.999999435662630942e-01 7.499999953964404664e-01
1.828055768765601613e-04 9.999999409793594030e-01 7.499999951827036604e-01
1.870012001009263688e-04 9.999999382745562437e-01 7.499999949590432369e-01
1.912931182772388463e-04 9.999999354465235468e-01 7.499999947249985643e-01
1.956835414985573821e-04 9.999999324896925446e-01 7.499999944800876950e-01
2.001747305824219637e-04 9.999999293982457793e-01 7.499999942238061434e-01
2.047689982350438351e-04 9.999999261661054462e-01 7.499999939556257766e-01
2.094687102422176938e-04 9.999999117684801320e-01 7.499999936749941476e-01
2.142762866875672198e-04 9.999999078917201079e-01 7.499999933813333852e-01
2.191942031987487909e-04 9.999999038449659539e-01 7.499999930740384180e-01
2.242249922222591348e-04 9.999998996207940527e-01 7.499999927524760857e-01
2.293712443275015053e-04 9.999998952114540485e-01 7.499999924159844733e-01
2.346356095407795776e-04 9.999998906088607420e-01 7.499999920638700246e-01
2.400207987099117898e-04 9.999998858045736627e-01 7.499999916954074308e-01
2.455295849001615347e-04 9.999998807897916286e-01 7.499999913098379656e-01
2.511648048222083992e-04 9.999998755553242136e-01 7.499999909063669312e-01
2.569293602928932095e-04 9.999998700915867511e-01 7.499999904841636589e-01
2.628262197294864173e-04 9.999998643885745775e-01 7.499999900423580668e-01
2.688584196782548420e-04 9.999998584358501530e-01 7.499999895800403271e-01
2.750290663781100793e-04 9.999998522225225228e-01 7.499999890962580906e-01
2.813413373601430243e-04 9.999998457372267779e-01 7.499999885900143770e-01
2.877984830838729510e-04 9.999998389681066246e-01 7.499999880602672420e-01
2.944038286110470118e-04 9.999998319027874061e-01 7.499999875059243371e-01
3.011607753178581156e-04 9.999998245283622245e-01 7.499999869258443530e-01
3.080728026464606899e-04 9.999998168313593006e-01 7.499999863188328009e-01
3.151434698966829127e-04 9.999998087977262085e-01 7.499999856836384593e-01
3.223764180588642512e-04 9.999998004127985674e-01 7.499999850189532635e-01
3.297753716887586351e-04 9.999997916612763937e-01 7.499999843234079755e-01
3.373441408254663067e-04 9.999997825271970120e-01 7.499999835955698524e-01
3.450866229533876956e-04 9.999997729939060775e-01 7.499999828339394270e-01
3.530068050092065399e-04 9.999997630440264906e-01 7.499999820369480652e-01
3.611087654349323553e-04 9.999997526594274211e-01 7.499999812029537472e-01
3.693966762780685645e-04 9.999997418211959976e-01 7.499999803302387358e-01
3.778748053399761785e-04 9.999997305095951194e-01 7.499999794170052470e-01
3.865475183735492693e-04 9.999997187040370328e-01 7.499999784613717857e-01
3.954192813313299124e-04 9.999997063830411426e-01 7.499999774613701486e-01
4.044946626652165707e-04 9.999996935241972640e-01 7.499999764149402059e-01
4.137783356789575661e-04 9.999996801041245442e-01 7.499999753199265706e-01
4.232750809346371140e-04 9.999996660984303842e-01 7.499999741740737136e-01
4.329897887143895324e-04 9.999996514816694715e-01 7.499999729750207456e-01
4.429274615386170812e-04 9.999996362272919326e-01 7.499999717202981975e-01
4.530932167420037462e-04 9.999996203076034762e-01 7.499999704073209150e-01
4.634922891086477479e-04 9.999996036937119914e-01 7.499999690333849500e-01
4.741300335676803895e-04 9.999995863554754782e-01 7.499999675956593448e-01
4.850119279507459020e-04 9.999995682614475356e-01 7.499999660911829125e-01
4.961435758127735436e-04 9.999995493788281786e-01 7.499999645168564655e-01
5.075307093174903379e-04 9.999995296733966699e-01 7.499999628694367093e-01
5.191791921891556871e-04 9.999995091094567856e-01 7.499999611455305804e-01
5.310950227320461545e-04 9.999994876497704244e-01 7.499999593415864751e-01
5.432843369192414187e-04 9.999994652554918817e-01 7.499999574538884772e-01
5.557534115522972090e-04 9.999994418860981282e-01 7.499999554785480305e-01
5.685086674934443189e-04 9.999994174993221963e-01 7.499999534114960564e-01
5.815566729719622279e-04 9.999993920510692469e-01 7.499999512484747388e-01
5.949041469664443802e-04 9.999993654953459599e-01 7.499999489850279755e-01
6.085579626646909308e-04 9.999993377841747133e-01 7.499999466164934958e-01
6.225251510030043378e-04 9.999993088675112052e-01 7.499999441379920917e-01
6.368129042867230315e-04 9.999992786931529709e-01 7.499999415444180695e-01
6.514285798938498559e-04 9.999992472066513427e-01 7.499999388304289250e-01
6.663797040636780565e-04 9.999992143512113074e-01 7.499999359904337970e-01
6.816739757723778732e-04 9.999991800675924747e-01 7.499999330185825874e-01
6.973192706975315115e-04 9.999991442940036057e-01 7.499999299087533045e-01
7.133236452736534941e-04 9.999991069659949217e-01 7.499999266545398502e-01
7.296953408408003933e-04 9.999990680163450829e-01 7.499999232492383650e-01
7.464427878883856575e-04 9.999990273749385095e-01 7.499999196858343486e-01
7.635746103964034977e-04 9.999989849686478083e-01 7.499999159569872287e-01
7.810996302762882428e-04 9.999989407211991033e-01 7.499999120550155940e-01
7.990268719136918441e-04 9.999988945530413620e-01 7.499999079718816519e-01
8.173655668155292101e-04 9.999988463812061745e-01 7.499999036991739088e-01
8.361251583636807386e-04 9.999987961191594277e-01 7.499998992280907384e-01
8.553153066777893299e-04 9.999987436766517579e-01 7.499998945494219527e-01
8.749458935896779668e-04 9.999986889595600115e-01 7.499998896535293724e-01
8.950270277319229400e-04 9.999986318697199339e-01 7.499998845303276207e-01
9.155690497432265483e-04 9.999985723047544184e-01 7.499998791692630284e-01
9.365825375932579269e-04 9.999985101578966473e-01 7.499998735592915411e-01
9.580783120296995073e-04 9.999984453177986898e-01 7.499998676888567362e-01
9.800674421503168410e-04 9.999983776683407655e-01 7.499998615458653983e-01
1.002561251102915057e-03 9.999983070934814755e-01 7.499998551176633166e-01
1.025571321916113419e-03 9.999982334569466058e-01 7.499998483910080838e-01
1.049109503463936449e-03 9.999981566320301773e-01 7.499998413520427842e-01
1.073187916567321359e-03 9.999980764814301315e-01 7.499998339862670171e-01
1.097818960235642707e-03 9.999979928619818770e-01 7.499998262785072534e-01
1.123015318051489003e-03 9.999979056244582276e-01 7.499998182128851942e-01
1.148789964701997209e-03 9.999978146134262946e-01 7.499998097727856861e-01
1.175156172660069302e-03 9.999977196675490232e-01 7.499998009408217481e-01
1.202127519018933400e-03 9.999976206256789846e-01 7.499997916987994895e-01
1.229717892483584828e-03 9.999975172392839839e-01 7.499997820276800287e-01
1.257941500522670886e-03 9.999974094564523242e-01 7.499997719075405245e-01
1.286812876684518625e-03 9.999972969979611381e-01 7.499997613175332090e-01
1.316346888081099250e-03 9.999971796787060496e-01 7.499997502358423107e-01
1.346558743043734484e-03 9.999970572913473577e-01 7.499997386396388688e-01
1.377463998954511987e-03 9.999969296186020928e-01 7.499997265050346584e-01
1.409078570257465838e-03 9.999967964336732296e-01 7.499997138070316760e-01
1.441418736653599748e-03 9.999966575000046598e-01 7.499997005194712907e-01
1.474501151483995510e-03 9.999965125709256997e-01 7.499996866149807317e-01
1.508342850305351059e-03 9.999963613892313141e-01 7.499996720649160231e-01
1.542961259662308611e-03 9.999962036867489079e-01 7.499996568393032526e-01
1.578374206061138648e-03 9.999960391838778051e-01 7.499996409067769543e-01
1.614599925149359230e-03 9.999958675891066351e-01 7.499996242345150499e-01
1.651657071106074756e-03 9.999956885985130661e-01 7.499996067881719020e-01
1.689564726247804686e-03 9.999955018952372265e-01 7.499995885318067046e-01
1.728342410854777182e-03 9.999953071489413592e-01 7.499995694278108749e-01
1.768010093222780821e-03 9.999951040152350590e-01 7.499995494368284499e-01
1.808588199945688124e-03 9.999948921350885200e-01 7.499995285176769277e-01
1.850097626433974988e-03 9.999946711342121430e-01 7.499995066272614475e-01
1.892559747674687175e-03 9.999944406224147153e-01 7.499994837204866371e-01
1.935996429238328632e-03 9.999942001929331692e-01 7.499994597501625782e-01
1.980430038538371317e-03 9.999939494217362501e-01 7.499994346669088818e-01
2.025883456349221023e-03 9.999936878667953222e-01 7.499994084190525490e-01
2.072380088588498918e-03 9.999934150673311928e-01 7.499993809525209443e-01
2.119943878369741960e-03 9.999931305430236339e-01 7.499993522107314403e-01
2.168599318331766116e-03 9.999928337931852651e-01 7.499993221344737337e-01
2.218371463250965164e-03 9.999925242959154525e-01 7.499992906617884980e-01
2.269285942943077578e-03 9.999922015072046921e-01 7.499992577278402628e-01
2.321368975461108892e-03 9.999918648600056859e-01 7.499992232647821888e-01
2.374647380596112047e-03 9.999915137632661155e-01 7.499991872016180672e-01
2.429148593687863091e-03 9.999911476009256672e-01 7.499991494640557699e-01
2.484900679752474317e-03 9.999907657308674258e-01 7.499991099743529288e-01
2.541932347934306152e-03 9.999903674838233059e-01 7.499990686511580629e-01
2.600272966289527386e-03 9.999899521622377385e-01 7.499990254093426012e-01
2.659952576908968663e-03 9.999895190390869493e-01 7.499989801598256900e-01
2.721001911388120590e-03 9.999890673566415034e-01 7.499989328093902285e-01
2.783452406652136939e-03 9.999885963251882171e-01 7.499988832604913558e-01
2.847336221144038202e-03 9.999881051216853445e-01 7.499988314110552778e-01
2.912686251384511999e-03 9.999875928883801279e-01 7.499987771542691029e-01
2.979536148911727644e-03 9.999870587313496317e-01 7.499987203783603507e-01
3.047920337609939107e-03 9.999865017189987215e-01 7.499986609663674697e-01
3.117874031435860505e-03 9.999859208804871002e-01 7.499985987958989186e-01
3.189433252551824704e-03 9.999853152040886206e-01 7.499985337388798134e-01
3.262634849875125503e-03 9.999846836354948643e-01 7.499984656612896927e-01
3.337516518053145094e-03 9.999840250760366756e-01 7.499983944228856281e-01
3.414116816873928768e-03 9.999833383808375276e-01 7.499983198769132331e-01
3.492475191122255702e-03 9.999826223568973882e-01 7.499982418698050157e-01
3.572631990891494882e-03 9.999818757610845488e-01 7.499981602408631876e-01
3.654628492361572997e-03 9.999810972980525126e-01 7.499980748219297055e-01
3.738506919053868546e-03 9.999802856180802779e-01 7.499979854370392163e-01
3.824310463573886345e-03 9.999794393148023763e-01 7.499978919020561241e-01
3.912083309853030613e-03 9.999785569228704096e-01 7.499977940242965602e-01
4.001870655900787062e-03 9.999776369155006783e-01 7.499976916021311446e-01
4.093718737079097940e-03 9.999766777019285513e-01 7.499975844245686529e-01
4.187674849910979873e-03 9.999756776247603618e-01 7.499974722708230290e-01
4.283787376435516277e-03 9.999746349572172788e-01 7.499973549098571945e-01
4.382105809121818879e-03 9.999735479002607175e-01 7.499972320999083175e-01
4.482680776354879860e-03 9.999724145796078378e-01 7.499971035879891001e-01
4.585564068506273877e-03 9.999712330426211437e-01 7.499969691093673063e-01
4.690808664603222586e-03 9.999700012550735151e-01 7.499968283870199759e-01
4.798468759609821402e-03 9.999687170977819006e-01 7.499966811310635473e-01
4.908599792334332294e-03 9.999673783631017887e-01 7.499965270381562243e-01
5.021258473976975521e-03 9.999659827512832333e-01 7.499963657908731429e-01
5.136502817333022698e-03 9.999645278666735582e-01 7.499961970570534486e-01
5.254392166666046506e-03 9.999630112137752880e-01 7.499960204891157334e-01
5.374987228266805105e-03 9.999614301931328830e-01 7.499958357233421635e-01
5.498350101713575869e-03 9.999597820970609341e-01 7.499956423791295235e-01
5.624544311849868396e-03 9.999580641051979413e-01 7.499954400582049541e-01
5.753634841496061726e-03 9.999562732798833453e-01 7.499952283438072742e-01
5.885688164911916619e-03 9.999544065613393817e-01 7.499950067998266690e-01
6.020772282026983120e-03 9.999524607626655293e-01 7.499947749699082955e-01
6.158956753456711238e-03 9.999504325653538750e-01 7.499945323765119243e-01
6.300312736322145370e-03 9.999483185109774297e-01 7.499942785199278372e-01
6.444913020891863790e-03 9.999461149999031573e-01 7.499940128772497605e-01
6.592832068064775897e-03 9.999438182825262089e-01 7.499937349012962828e-01
6.744146047713196583e-03 9.999414244538937790e-01 7.499934440194847562e-01
6.898932877906066401e-03 9.999389294473676193e-01 7.499931396326527944e-01
7.057272265032275491e-03 9.999363290280264271e-01 7.499928211138242595e-01
7.219245744844861139e-03 9.999336187858085534e-01 7.499924878069179623e-01
7.384936724447357069e-03 9.999307941283720469e-01 7.499921390253979636e-01
7.554430525243653258e-03 9.999278502736788088e-01 7.499917740508584840e-01
7.727814426873603690e-03 9.999247822422816512e-01 7.499913921315466414e-01
7.905177712157155506e-03 9.999215848492947201e-01 7.499909924808133566e-01
8.086611713069864066e-03 9.999182526960564976e-01 7.499905742754946480e-01
8.272209857773603001e-03 9.999147801614531872e-01 7.499901366542170988e-01
8.462067718726829987e-03 9.999111613928998166e-01 7.499896787156241640e-01
8.656283061898912071e-03 9.999073902969641825e-01 7.499891995165210989e-01
8.854955897113962401e-03 9.999034605296175382e-01 7.499886980699336236e-01
9.058188529550309856e-03 9.998993654861013658e-01 7.499881733430755482e-01
9.266085612421747289e-03 9.998950982903872520e-01 7.499876242552246941e-01
9.478754200868015622e-03 9.998906517842298669e-01 7.499870496754964533e-01
9.696303807082015669e-03 9.998860185157825153e-01 7.499864472306767560e-01
9.918846456702452158e-03 9.998811907277613820e-01 7.499858180181443457e-01
1.014649674650059188e-02 9.998761603451443714e-01 7.499851595804711835e-01
1.037937190339100792e-02 9.998709189623967708e-01 7.499844705897672492e-01
1.061759184479687396e-02 9.998654578301805484e-01 7.499837496133328063e-01
1.086127924040053080e-02 9.998597678415486190e-01 7.499829951664237493e-01
1.111055957531131844e-02 9.998538395175993188e-01 7.499822056953882043e-01
1.136556121468338190e-02 9.998476629925695525e-01 7.499813795744740830e-01
1.162641546981632752e-02 9.998412279983428519e-01 7.499805151024807603e-01
1.189325666577299365e-02 9.998345238483558051e-01 7.499796104992618728e-01
1.216622221054933228e-02 9.998275394208721023e-01 7.499786639020618040e-01
1.244545266583161995e-02 9.998202631416123198e-01 7.499776733616846380e-01
1.273109181937763165e-02 9.998126829657039139e-01 7.499766368384853665e-01
1.302328675905928962e-02 9.998047863589349937e-01 7.499755521981738005e-01
1.332218794860444595e-02 9.997965602782752370e-01 7.499744172074265247e-01
1.362794930507705074e-02 9.997879911516478479e-01 7.499732295292931283e-01
1.394072827813580551e-02 9.997790648569186978e-01 7.499719867057235145e-01
1.426068593111166731e-02 9.997697667000742250e-01 7.499706862027754051e-01
1.458798702394632080e-02 9.997600813925604513e-01 7.499693253306389806e-01
1.492280009803403570e-02 9.997499930277463642e-01 7.499679012875251072e-01
1.526529756301105330e-02 9.997394850564875757e-01 7.499664111416597390e-01
1.561565578553662272e-02 9.997285402617517303e-01 7.499648518252579610e-01
1.597405518011167647e-02 9.997171407322688053e-01 7.499632201282184774e-01
1.634068030198220292e-02 9.997052678351820987e-01 7.499615126915278873e-01
1.671571994217457141e-02 9.996929021876463928e-01 7.499597260003572075e-01
1.709936722471203444e-02 9.996800236273567508e-01 7.499578563768402040e-01
1.749181970606280417e-02 9.996666111819396683e-01 7.499558999725177699e-01
1.789327947687024967e-02 9.996526430371985850e-01 7.499538527604334703e-01
1.830395326601795200e-02 9.996380965041465894e-01 7.499517105268617145e-01
1.872405254708349800e-02 9.996229479848005584e-01 7.499494688626517913e-01
1.915379364723520522e-02 9.996071729366717840e-01 7.499471231541797733e-01
1.959339785862816014e-02 9.995907458359318820e-01 7.499446685738703211e-01
2.004309155235728390e-02 9.995736401391857040e-01 7.499421000702887197e-01
2.050310629502542434e-02 9.995558282438119502e-01 7.499394123577732829e-01
2.097367896798682518e-02 9.995372814468206357e-01 7.499365999055863652e-01
2.145505188932774962e-02 9.995179699021686792e-01 7.499336569265655505e-01
2.194747293864631604e-02 9.994978625764873170e-01 7.499305773652517049e-01
2.245119568469643861e-02 9.994769272031575058e-01 7.499273548854676896e-01
2.296647951596108780e-02 9.994551302346859067e-01 7.499239828573225353e-01
2.349358977422284084e-02 9.994324367933117292e-01 7.499204543436167603e-01
2.403279789119963303e-02 9.994088106197860366e-01 7.499167620856221905e-01
2.458438152831645546e-02 9.993842140202672253e-01 7.499128984881997528e-01
2.514862471968544455e-02 9.993586078112589588e-01 7.499088556042377007e-01
2.572581801836711438e-02 9.993319512625254974e-01 7.499046251183690837e-01
2.631625864598843845e-02 9.993042020379165891e-01 7.499001983299364849e-01
2.692025064579536484e-02 9.992753161340378609e-01 7.498955661351751623e-01
2.753810503921757039e-02 9.992452478166765628e-01 7.498907190085727370e-01
2.817013998602660788e-02 9.992139495549182682e-01 7.498856469833716787e-01
2.881668094817035897e-02 9.991813719528818138e-01 7.498803396311740643e-01
2.947806085736722620e-02 9.991474636789878794e-01 7.498747860406050902e-01
3.015462028654678286e-02 9.991121713926565118e-01 7.498689747949974782e-01
3.084670762522576104e-02 9.990754396684052852e-01 7.498628939490495915e-01
3.155467925890863279e-02 9.990372109171932191e-01 7.498565310044043031e-01
3.227889975260557487e-02 9.989974253049769271e-01 7.498498728841160865e-01
3.301974203856310186e-02 9.989560206683503196e-01 7.498429059059347201e-01
3.377758760830264217e-02 9.989129324271928123e-01 7.498356157543679679e-01
3.455282670906677234e-02 9.988680934942311129e-01 7.498279874514566234e-01
3.534585854477464290e-02 9.988214341813994590e-01 7.498200053262173981e-01
3.615709148158898628e-02 9.987728821029066006e-01 7.498116529826730492e-01
3.698694325820153783e-02 9.987223620749174913e-01 7.498029132664250085e-01
3.783584120094431180e-02 9.986697960117106865e-01 7.497937682296930140e-01
3.870422244383877469e-02 9.986151028182328471e-01 7.497841990947505808e-01
3.959253415369468759e-02 9.985581982789291100e-01 7.497741862156899195e-01
4.050123376037526035e-02 9.984989949427222067e-01 7.497637090384374758e-01
4.143078919234795265e-02 9.984374020040391873e-01 7.497527460589422654e-01
4.238167911764065959e-02 9.983733251797546338e-01 7.497412747794518495e-01
4.335439319032824423e-02 9.983066665819367858e-01 7.497292716627922404e-01
4.434943230267689857e-02 9.982373245862588007e-01 7.497167120845653621e-01
4.536730884307491746e-02 9.981651936959599070e-01 7.497035702831643666e-01
4.640854695988314016e-02 9.980901644012145635e-01 7.496898193075102190e-01
4.747368283134206779e-02 9.980121230337850591e-01 7.496754309624139578e-01
4.856326494167276936e-02 9.979309516168146654e-01 7.496603757514478383e-01
4.967785436351467715e-02 9.978465277096281172e-01 7.496446228172261028e-01
5.081802504684660576e-02 9.977587242473909823e-01 7.496281398789670369e-01
5.198436411453793288e-02 9.976674093754982486e-01 7.496108931672282871e-01
5.317747216468309696e-02 9.975724462785242608e-01 7.495928473556826566e-01
5.439796357987596725e-02 9.974736930036135485e-01 7.495739654897995985e-01
5.564646684358142553e-02 9.973710022781335782e-01 7.495542089123107266e-01
5.692362486376872921e-02 9.972642213214621965e-01 7.495335371852924755e-01
5.823009530397196820e-02 9.971531916507379023e-01 7.495119080087478958e-01
5.956655092194998447e-02 9.970377488804279542e-01 7.494892771355056160e-01
6.093367991611790130e-02 9.969177225155428923e-01 7.494655982822916451e-01
6.233218627992966054e-02 9.967929357383604749e-01 7.494408230367972656e-01
6.376279016439526104e-02 9.966632051884731780e-01 7.494149007605797053e-01
6.522622824891706472e-02 9.965283407360152612e-01 7.493877784875978554e-01
6.672325412063731531e-02 9.963881452479044221e-01 7.493594008182093980e-01
6.825463866249326106e-02 9.962424143469205129e-01 7.493297098084231722e-01
6.982117045017753598e-02 9.960909361634810999e-01 7.492986448542040545e-01
7.142365615820925329e-02 9.959334910799324536e-01 7.492661425706218514e-01
7.306292097532622598e-02 9.957698514671938783e-01 7.492321366656151671e-01
7.473980902940960402e-02 9.955997814136072765e-01 7.491965578081475341e-01
7.645518382216123787e-02 9.954230364458138691e-01 7.491593334905172208e-01
7.820992867375861635e-02 9.952393632415013069e-01 7.491203878845581476e-01
8.000494717771398923e-02 9.950484993338738482e-01 7.490796416914984324e-01
8.184116366617295857e-02 9.948501728076684092e-01 7.490370119851894604e-01
8.371952368589379023e-02 9.946441019865918109e-01 7.489924120484323655e-01
8.564099448514946034e-02 9.944299951119961456e-01 7.489457512021217012e-01
8.760656551180559526e-02 9.942075500126812404e-01 7.488969346268952165e-01
8.961724892282905974e-02 9.939764537656444743e-01 7.488458631769937535e-01
9.167408010549209230e-02 9.937363823476844660e-01 7.487924331859973082e-01
9.377811821053715080e-02 9.934870002776905462e-01 7.487365362641154043e-01
9.593044669757863629e-02 9.932279602495184267e-01 7.486780590866830565e-01
9.813217389302381077e-02 9.929589027553280545e-01 7.486168831735080520e-01
1.003844335607972510e-01 9.926794556992823981e-01 7.485528846586992913e-01
1.026883854861638801e-01 9.923892340014988100e-01 7.484859340506021530e-01
1.050452160729535012e-01 9.920878391921771344e-01 7.484158959814440903e-01
1.074561389544905071e-01 9.917748589958308436e-01 7.483426289462804526e-01
1.099223956185451101e-01 9.914498669055415991e-01 7.482659850308377436e-01
1.124452560466300682e-01 9.911124217472178088e-01 7.481858096278034553e-01
1.150260193679681076e-01 9.907620672337968948e-01 7.481019411411391484e-01
1.176660145284686015e-01 9.903983315093835005e-01 7.480142106779448241e-01
1.203666009750603977e-01 9.900207266833449538e-01 7.479224417274095149e-01
1.231291693557286654e-01 9.896287483543567687e-01 7.478264498263709203e-01
1.259551422356185724e-01 9.892218751244529207e-01 7.477260422109850424e-01
1.288459748295767426e-01 9.887995681031609418e-01 7.476210174539926756e-01
1.318031557515028096e-01 9.883612704017934458e-01 7.475111650870756019e-01
1.348282077809012380e-01 9.879064066180244241e-01 7.473962652079121360e-01
1.379226886470248103e-01 9.874343823108983065e-01 7.472760880704706343e-01
1.410881918310179783e-01 9.869445834664485329e-01 7.471503936602945650e-01
1.443263473864679902e-01 9.864363759541366905e-01 7.470189312511387181e-01
1.476388227787886198e-01 9.859091049743662349e-01 7.468814389446860602e-01
1.510273237438714278e-01 9.853620944973535689e-01 7.467376431918382185e-01
1.544935951664416773e-01 9.847946466936794430e-01 7.465872582951460501e-01
1.580394219785734577e-01 9.842060413568995969e-01 7.464299858917805564e-01
1.616666300788297539e-01 9.835955353186384142e-01 7.462655144164351828e-01
1.653770872724951713e-01 9.829623618566225574e-01 7.460935185435632055e-01
1.691727042333880937e-01 9.823057300961760552e-01 7.459136586083292553e-01
1.730554354877507084e-01 9.816248244057693695e-01 7.457255800056691308e-01
1.770272804207175532e-01 9.809188037872490495e-01 7.455289125668503880e-01
1.810902843058837808e-01 9.801868012614538550e-01 7.453232699129270777e-01
1.852465393585064901e-01 9.794279232499878418e-01 7.451082487844912228e-01
1.894981858128751973e-01 9.786412489539909609e-01 7.448834283471326145e-01
1.938474130244093041e-01 9.778258297308248803e-01 7.446483694720275048e-01
1.982964605970534977e-01 9.769806884696776716e-01 7.444026139911090745e-01
2.028476195365445656e-01 9.761048189671640563e-01 7.441456839262619027e-01
2.075032334301494252e-01 9.751971853040869442e-01 7.438770806920427248e-01
2.122656996534772744e-01 9.742567212246516783e-01 7.435962842714333165e-01
2.171374706049937209e-01 9.732823295194650282e-01 7.433027523641797529e-01
2.221210549688649449e-01 9.722728814138213993e-01 7.429959195073069234e-01
2.272190190067856497e-01 9.712272159628354551e-01 7.426751961674415980e-01
2.324339878794599579e-01 9.701441394551271191e-01 7.423399678046413985e-01
2.377686469984083284e-01 9.690224248268822782e-01 7.419895939074763191e-01
2.432257434087997383e-01 9.678608110882194193e-01 7.416234069991802791e-01
2.488080872040261404e-01 9.666580027639515293e-01 7.412407116147808894e-01
2.545185529727389540e-01 9.654126693509623713e-01 7.408407832491762379e-01
2.603600812790965446e-01 9.641234447945611352e-01 7.404228672762593888e-01
2.663356801769902749e-01 9.627889269863164623e-01 7.399861778393240774e-01
2.724484267590190911e-01 9.614076772860746800e-01 7.395298967127301726e-01
2.787014687410150904e-01 9.599782200709625624e-01 7.390531721361185413e-01
2.850980260829407698e-01 9.584990423144379434e-01 7.385551176206406332e-01
2.916413926469833551e-01 9.569685931985270066e-01 7.380348107287986181e-01
2.983349378937040774e-01 9.553852837626621852e-01 7.374912918285001506e-01
3.051821086171214725e-01 9.537474865926779399e-01 7.369235628224898305e-01
3.121864307196124400e-01 9.520535355537281808e-01 7.363305858545184934e-01
3.193515110275485513e-01 9.503017255711087019e-01 7.357112819938125270e-01
3.266810391486097420e-01 9.484903124631663962e-01 7.350645298996675292e-01
3.341787893717194646e-01 9.466175128307003916e-01 7.343891644682662978e-01
3.418486226105894032e-01 9.446815040074918457e-01 7.336839754641225619e-01
3.496944883918670643e-01 9.426804240768088539e-01 7.329477061388748327e-01
3.577204268889208061e-01 9.406123719590044896e-01 7.321790518404849291e-01
3.659305710022969782e-01 9.384754075755296077e-01 7.313766586163074068e-01
3.743291484879251452e-01 9.362675520949482744e-01 7.305391218138643783e-01
3.829204841341762866e-01 9.339867882668052568e-01 7.296649846836260611e-01
3.917090019888795349e-01 9.316310608494166035e-01 7.287527369885321571e-01
4.006992276374521933e-01 9.291982771379421191e-01 7.278008136255333937e-01
4.098957905333229790e-01 9.266863075993347909e-01 7.268075932649059601e-01
4.193034263818338214e-01 9.240929866210415566e-01 7.257713970137276149e-01
4.289269795788557826e-01 9.214161133805768289e-01 7.246904871104581369e-01
4.387714057053815342e-01 9.186534528433489832e-01 7.235630656582334730e-01
4.488417740793643196e-01 9.158027368963765902e-01 7.223872734051677291e-01
4.591432703661249559e-01 9.128616656257895201e-01 7.211611885806673561e-01
4.696811992486791265e-01 9.098279087462570747e-01 7.198828257975308231e-01
4.804609871593437664e-01 9.066991071906946864e-01 7.185501350304051016e-01
4.914881850740373537e-01 9.034728748688843902e-01 7.171610006820159366e-01
5.027684713707216702e-01 9.001468006038020331e-01 7.157132407494598558e-01
5.143076547534386478e-01 8.967184502546897695e-01 7.142046061037803373e-01
5.261116772434638600e-01 8.931853690360768150e-01 7.126327798969840366e-01
5.381866172391039926e-01 8.895450840421172956e-01 7.109953771116782617e-01
5.505386926457317420e-01 8.857951069857790127e-01 7.092899442694954315e-01
5.631742640776497000e-01 8.819329371624864411e-01 7.075139593155673756e-01
5.760998381334399010e-01 8.779560646479699360e-01 7.056648316973500590e-01
5.893220707464981167e-01 8.738619737400590282e-01 7.037399026572412897e-01
6.028477706124563129e-01 8.696481466542292926e-01 7.017364457595266503e-01
6.166839026952691816e-01 8.653120674826426661e-01 6.996516676733181006e-01
6.308375918137805183e-01 8.608512264263384894e-01 6.974827092342881230e-01
6.453161263105945400e-01 8.562631243101733736e-01 6.952266468091060636e-01
6.601269618051532895e-01 8.515452773898002370e-01 6.928804939875964353e-01
6.752777250329626835e-01 8.466952224598066623e-01 6.904412036287002064e-01
6.907762177729228625e-01 8.417105222718117563e-01 6.879056702873408424e-01
7.066304208647947727e-01 8.365887712708395263e-01 6.852707330502799676e-01
7.228484983188859792e-01 8.313276016578787786e-01 6.825331788099077146e-01
7.394388015200459296e-01 8.259246897859221503e-01 6.796897460057277351e-01
7.564098735281488128e-01 8.203777628960801094e-01 6.767371288639663085e-01
7.737704534772903431e-01 8.146846061996124710e-01 6.736719821662611185e-01
7.915294810759380129e-01 8.088430703107958308e-01 6.704909265787697414e-01
8.096961012103738309e-01 8.028510790345034787e-01 6.671905545732030873e-01
8.282796686537829967e-01 7.967066375112482612e-01 6.637674369712622813e-01
8.472897528834375525e-01 7.904078407210876067e-01 6.602181301436423899e-01
8.667361430084273843e-01 7.839528823463791651e-01 6.565391838942018499e-01
8.866288528104874223e-01 7.773400639917333876e-01 6.527271500589783004e-01
9.069781259005342822e-01 7.705678047577226852e-01 6.487785918484839653e-01
9.277944409935369174e-01 7.636346511629755751e-01 6.446900939600130886e-01
9.490885173044510958e-01 7.565392874071066309e-01 6.404582734846877567e-01
9.708713200680152422e-01 7.492805459645979216e-01 6.360797916312433964e-01
9.931540661852149565e-01 7.418574184972277497e-01 6.315513662856099275e-01
1.015948229999341645e+00 7.342690670698684974e-01 6.268697854215806720e-01
1.039265549204636097e+00 7.265148356515036543e-01 6.220319213736543729e-01
1.063118030890527033e+00 7.185942618801726134e-01 6.170347459782083988e-01
1.087517957724589035e+00 7.105070890670981409e-01 6.118753465836150873e-01
1.112477894277429824e+00 7.022532784116314319e-01 6.065509429235953487e-01
1.138010693492720549e+00 6.938330213948225023e-01 6.010589048411103530e-01
1.164129503305722180e+00 6.852467523152973028e-01 5.953967708423076877e-01
1.190847773413735711e+00 6.764951609268492483e-01 5.895622674514724437e-01
1.218179262201919855e+00 6.675792051326421284e-01 5.835533293286171430e-01
1.246138043828079578e+00 6.585001236861891538e-01 5.773681201012166309e-01
1.274738515470044575e+00 6.492594488443793610e-01 5.710050538507396301e-01
1.303995404739410002e+00 6.398590189127428829e-01 5.644628171829858543e-01
1.333923777265408450e+00 6.303009906179276589e-01 5.577403917989768312e-01
1.364539044452841798e+00 6.205878512369977784e-01 5.508370774701835115e-01
1.395856971418091952e+00 6.107224304077262245e-01 5.437525153083921925e-01
1.427893685107248789e+00 6.007079115385677293e-01 5.364867112065749843e-01
1.460665682600557957e+00 5.905478427314786449e-01 5.290400593128307127e-01
1.494189839607493964e+00 5.802461471252762237e-01 5.214133653849662986e-01
1.528483419156780432e+00 5.698071325618703220e-01 5.136078698587851488e-01
1.563564080485854157e+00 5.592355004724680612e-01 5.056252704487392835e-01
1.599449888134384823e+00 5.485363538758534219e-01 4.974677440855819199e-01
1.636159321246473564e+00 5.377152043762024602e-01 4.891379679822095428e-01
1.673711283086346979e+00 5.267779780435472015e-01 4.806391396062681398e-01
1.712125110772481085e+00 5.157310200562440494e-01 4.719749953265723885e-01
1.751420585235103911e+00 5.045810979815859021e-01 4.631498274902814960e-01
1.791617941402235958e+00 4.933354035681655203e-01 4.541684996793382556e-01
1.832737878619544736e+00 4.820015529219240369e-01 4.450364598882242118e-01
1.874801571309316905e+00 4.705875849370511621e-01 4.357597513610048656e-01
1.917830679874066968e+00 4.591019578532223866e-01 4.263450208241222339e-01
1.961847361850431071e+00 4.475535438121472365e-01 4.167995238528247604e-01
2.006874283319019181e+00 4.359516212892846077e-01 4.071311271138565169e-01
2.052934630576163766e+00 4.243058652808633369e-01 3.973483072351342571e-01
2.100052122073519989e+00 4.126263351322911332e-01 3.874601460651104223e-01
2.148251020631743113e+00 4.009234599016930356e-01 3.774763221003470948e-01
2.197556145934444150e+00 3.892080211618640928e-01 3.674070978798321674e-01
2.247992887308897458e+00 3.774911331554428595e-01 3.572633031687222349e-01
2.299587216800123013e+00 3.657842202316945457e-01 3.470563137826330191e-01
2.352365702544995330e+00 3.540989915091343199e-01 3.367980259362847173e-01
2.406355522453303752e+00 3.424474127262124856e-01 3.265008260370750870e-01
2.461584478202853532e+00 3.308416752626270885e-01 3.161775558848843315e-01
2.518081009555732663e+00 3.192941623364737302e-01 3.058414732838587446e-01
2.575874209003149229e+00 3.078174124073311813e-01 2.955062081196207502e-01
2.634993836746435836e+00 2.964240798425180068e-01 2.851857140059937401e-01
2.695470336021843050e+00 2.851268929330157964e-01 2.748942156583064067e-01
2.757334848777050151e+00 2.739386093767396391e-01 2.646461522050742032e-01
2.820619231707525820e+00 2.628719693797910151e-01 2.544561167056149098e-01
2.885356072660894000e+00 2.519396465607912639e-01 2.443387921972949572e-01
2.951578707417797709e+00 2.411541968789702173e-01 2.343088846516442059e-01
3.019321236857960500e+00 2.305280058430619894e-01 2.243810532727960605e-01
3.088618544520170595e+00 2.200732342947793463e-01 2.145698386236535027e-01
3.159506314565326157e+00 2.098017630971105441e-01 2.048895891138882153e-01
3.232021050151716590e+00 1.997251370934635950e-01 1.953543864285241516e-01
3.306200092232106869e+00 1.898545087379930052e-01 1.859779705153950247e-01
3.382081638782178601e+00 1.802005818297736373e-01 1.767736647834751429e-01
3.459704764470286964e+00 1.707735558129394315e-01 1.677543021909629062e-01
3.539109440778728910e+00 1.615830711309280687e-01 1.589321529214623163e-01
3.620336556586756238e+00 1.526381561441192691e-01 1.503188543572964719e-01
3.703427939225993004e+00 1.439471761382223047e-01 1.419253440629650032e-01
3.788426376019169872e+00 1.355177849588413419e-01 1.337617964821455896e-01
3.875375636313133754e+00 1.273568798144766034e-01 1.258375640379656435e-01
3.964320494017540497e+00 1.194705597854435197e-01 1.181611232982416188e-01
4.055306750660911064e+00 1.118640885658155892e-01 1.107400268317741410e-01
4.148381258975785357e+00 1.045418619461702531e-01 1.035808613357960400e-01
4.243591947025178612e+00 9.750738051695269359e-02 9.668921255918862256e-02
4.340987842882852554e+00 9.076322803542452577e-02 9.006963748159370342e-02
4.440619099879951293e+00 8.431105585338481700e-02 8.372564413560329433e-02
4.542537022431079485e+00 7.815157374821546377e-02 7.765967937856244063e-02
4.646794092453204073e+00 7.228454743672317606e-02 7.187312483315337619e-02
4.753443996390807946e+00 6.670880298026742039e-02 6.636630112293566419e-02
4.862541652861372299e+00 6.142223821150430418e-02 6.113848043158946061e-02
4.974143240935287480e+00 5.642184122882033109e-02 5.618790731418944057e-02
5.088306229064930797e+00 5.170371591531431471e-02 5.151182758684958590e-02
5.205089404677613274e+00 4.726311434649262122e-02 4.710652501916812868e-02
5.324552904447718227e+00 4.309447585620931886e-02 4.296736545365807680e-02
5.446758245263723097e+00 3.919147243559903404e-02 3.908884787951402706e-02
5.571768355905855508e+00 3.554706004667926994e-02 3.546466189634712302e-02
5.699647609450793517e+00 3.215353534285537995e-02 3.208775091857635209e-02
5.830461856420193101e+00 2.900259720474723801e-02 2.895038039466843113e-02
5.964278458689921791e+00 2.608541242346180261e-02 2.604421024886080516e-02
6.101166324177541789e+00 2.339268479696345743e-02 2.336037069822825135e-02
6.241195942326031698e+00 2.091472684844443083e-02 2.088954055439885479e-02
6.384439420401792908e+00 1.864153333447775285e-02 1.862202709228067202e-02
6.530970520625739795e+00 1.656285567987827306e-02 1.654784655200161950e-02
6.680864698156713466e+00 1.466827646333218604e-02 1.465680434213517853e-02
6.834199139946547596e+00 1.294728307910369622e-02 1.293857402789790403e-02
6.991052804486902694e+00 1.138933971771978991e-02 1.138277421921617648e-02
7.151506462468468328e+00 9.983956841879589039e-03 9.979042519471422942e-03
7.315642738373208331e+00 8.720757382464174035e-03 8.717105755633910644e-03
7.483546153021285896e+00 7.589538942500321551e-03 7.586845783280791837e-03
7.655303167094399619e+00 6.580331372960979835e-03 6.578360244266045868e-03
7.831002225658199478e+00 5.683449171675001611e-03 5.682017748843643488e-03
8.010733803706404643e+00 4.889538253388521667e-03 4.888507055886416423e-03
8.194590452750212251e+00 4.189616742524899379e-03 4.188879931924740022e-03
8.382666848477148491e+00 3.575109551385155775e-03 3.574587483126448299e-03
8.575059839503596848e+00 3.037876608998097729e-03 3.037509857788004992e-03
8.771868497246263274e+00 2.570234729701285307e-03 2.569979340710670628e-03
8.973194166938402105e+00 2.164973203272916018e-03 2.164796952642869619e-03
9.179140519816781918e+00 1.815363298300115471e-03 1.815242776224492999e-03
9.389813606506406174e+00 1.515161960776891100e-03 1.515080318066771951e-03
9.605321911630646525e+00 1.258610073637088248e-03 1.258555297869791943e-03
9.825776409674574552e+00 1.040425714506004263e-03 1.040389324428564813e-03
1.005129062213042346e+01 8.557929076196630963e-04 8.557689743550299507e-04
1.028198067595489107e+01 7.003464104418694221e-04 7.003308312795030084e-04
1.051796536336764376e+01 5.701531059505277575e-04 5.701430712157581774e-04
1.075936620302264579e+01 4.616905874132521607e-04 4.616841932841414791e-04
1.100630750258347490e+01 3.718235244242252039e-04 3.718194948211190958e-04
1.125891642273441384e+01 2.977783877012490422e-04 2.977758767533601400e-04
1.151732304266107931e+01 2.371170868386070923e-04 2.371155401804306956e-04
1.178166042703392513e+01 1.877100413383274587e-04 1.877090998471127434e-04
1.205206469452867779e+01 1.477091624977227343e-04 1.477085962780999237e-04
1.232867508791982836e+01 1.155211739799401761e-04 1.155208376395730382e-04
1.261163404578287306e+01 8.978164409031835216e-05 8.978144681422694769e-05
1.290108727584174808e+01 6.933004488957186578e-05 6.932993066897768771e-05
1.319718383000015827e+01 5.318609420204320850e-05 5.318602894023658888e-05
1.350007618109495056e+01 4.052758108548141586e-05 4.052754429920459847e-05
1.380992030141062799e+01 3.066979747265890014e-05 3.066977702287758005e-05
1.412687574299631699e+01 2.304671305663473331e-05 2.304670184861711926e-05
1.445110571982616321e+01 1.719386886895660679e-05 1.719386281465070578e-05
1.478277719184486472e+01 1.273302605254970824e-05 1.273302283037063019e-05
1.512206095094269642e+01 9.358547307997770116e-06 9.358545618971945260e-06
1.546913170890377209e+01 6.825396025791948058e-06 6.825395154080636593e-06
1.582416818737228681e+01 4.938686350659501198e-06 4.938685907864880411e-06
1.618735320988414728e+01 3.544698811951867831e-06 3.544698590659626369e-06
1.655887379601086096e+01 2.523192406598538915e-06 2.523192297830062376e-06
1.693892125766356926e+01 1.780905871728580876e-06 1.780905819169666209e-06
1.732769129760793803e+01 1.246134461123597974e-06 1.246134436164801907e-06
1.772538411024016369e+01 8.642445438949985477e-07 8.642445322519656108e-07
1.813220448467522061e+01 5.939694453687776735e-07 5.939694400355803049e-07
1.854836191020179470e+01 4.044429180232746498e-07 4.044429156254905534e-07
1.897407068415755660e+01 2.727862765665188097e-07 2.727862755088566146e-07
1.940955002227958914e+01 1.822067289233200475e-07 1.822067284658024802e-07
1.985502417158824073e+01 1.204994582674477874e-07 1.204994580734496874e-07
2.031072252586177029e+01 7.888320534483467807e-08 7.888320526423811671e-08
2.077687974376059898e+01 5.110465721926798447e-08 5.110465718647650682e-08
2.125373586966334827e+01 3.275731191516425080e-08 3.275731190210488210e-08
2.174153645727628970e+01 2.076925239017139028e-08 2.076925238508292918e-08
2.224053269607887273e+01 1.302233452505905929e-08 1.302233452312024554e-08
2.275098154067270428e+01 8.072355024519282844e-09 8.072355023797268320e-09
2.327314584309786127e+01 4.945845845222711593e-09 4.945845844960054452e-09
2.380729448818698302e+01 2.994281948383720025e-09 2.994281948290431422e-09
2.435370253202590973e+01 1.790757619561136921e-09 1.790757619528804705e-09
2.491265134359129974e+01 1.057670503006593370e-09 1.057670502995665073e-09
2.548442874963988558e+01 6.167485231738454700e-10 6.167485231702450630e-10
2.606932918292316614e+01 3.549619430959318823e-10 3.549619430947764661e-10
2.666765383380283794e+01 2.015766841760381372e-10 2.015766841756771763e-10
2.727971080534697634e+01 1.129144474537895158e-10 1.129144474536797852e-10
2.790581527198586187e+01 6.236949984816627697e-11 6.236949984813384890e-11
2.854628964180819395e+01 3.396004232586502664e-11 3.396004232585571439e-11
2.920146372258316347e+01 1.822190897050634502e-11 1.822190897050374716e-11
2.987167489159303102e+01 9.631687953994754219e-12 9.631687953994051439e-12
3.055726826936246354e+01 5.013530391858422085e-12 5.013530391858237908e-12
3.125859689737625757e+01 2.568999488364917664e-12 2.568999488364870409e-12
3.197602191987597209e+01 1.295407444820214162e-12 1.295407444820202651e-12
3.270991276982784512e+01 6.425546301657270397e-13 6.425546301657244144e-13
3.346064735916006327e+01 3.134084053013541075e-13 3.134084053013535017e-13
3.422861227336628076e+01 1.502588252582169300e-13 1.502588252582167785e-13
3.501420297057428144e+01 7.078253484716802598e-14 7.078253484716798812e-14
3.581782398518475219e+01 3.274862536876319771e-14 3.274862536876319140e-14
3.663988913618386789e+01 1.487513518812275307e-14 1.487513518812275307e-14
3.748082174023559077e+01 6.630489191450302962e-15 6.630489191450302962e-15
3.834105482966604939e+01 2.899070199517338171e-15 2.899070199517338171e-15
3.922103137545095564e+01 1.242818750511612167e-15 1.242818750511612167e-15
4.012120451531944809e+01 5.221505632195766440e-16 5.221505632195766440e-16
4.104203778709466377e+01 2.148924043519121743e-16 2.148924043519121743e-16
4.198400536738972733e+01 8.659196504651207381e-17 8.659196504651207381e-17
4.294759231578074576e+01 3.414715098854420550e-17 3.414715098854420550e-17
4.393329482458523216e+01 1.317152336695894235e-17 1.317152336695894235e-17
4.494162047437344398e+01 4.967084539237910799e-18 4.967084539237910799e-18
4.597308849534233133e+01 1.830313216566949979e-18 1.830313216566949979e-18
4.702823003469001151e+01 6.586834218964327959e-19 6.586834218964327959e-19
4.810758843012686015e+01 2.313765533713129768e-19 2.313765533713129768e-19
4.921171948966227916e+01 7.928877187434474431e-20 7.928877187434474431e-20
5.034119177781471421e+01 2.649150669220987924e-20 2.649150669220987924e-20
5.149658690839053321e+01 8.624848684199406563e-21 8.624848684199406563e-21
5.267849984398079499e+01 2.734560932837967890e-21 2.734560932837967890e-21
5.388753920233358485e+01 8.438213946095593958e-22 8.438213946095593958e-22
5.512432756975813675e+01 2.532618154195745449e-22 2.532618154195745449e-22
5.638950182171976877e+01 7.388706251309875452e-23 7.388706251309875452e-23
5.768371345079614088e+01 2.093936416259390045e-23 2.093936416259390045e-23
5.900762890215723644e+01 5.760569143829483818e-24 5.760569143829483818e-24
6.036192991674725761e+01 1.537368166460352292e-24 1.537368166460352292e-24
6.174731388234308582e+01 3.977387826249001022e-25 3.977387826249001022e-25
6.316449419266773191e+01 9.968173606909622465e-26 9.968173606909622465e-26
6.461420061474815668e+01 2.418319993347055373e-26 2.418319993347055373e-26
6.609717966470441297e+01 5.675029355583303324e-27 5.675029355583303324e-27
6.761419499216135875e+01 1.287202413378412190e-27 1.287202413378412190e-27
6.916602777348541053e+01 2.819749775559756410e-28 2.819749775559756410e-28
7.075347711404661766e+01 5.960903763817814664e-29 5.960903763817814664e-29
7.237736045971075782e+01 1.215056081949693111e-29 1.215056081949693111e-29
7.403851401777805563e+01 2.386161996532399270e-30 2.386161996532399270e-30
7.573779318758329282e+01 4.510776352950303361e-31 4.510776352950303361e-31
7.747607300097573102e+01 8.201065737657269702e-32 8.201065737657269702e-32
7.925424857291157821e+01 1.432742215324359175e-32 1.432742215324359175e-32
8.107323556238810625e+01 2.402961469121048297e-33 2.402961469121048297e-33
8.293397064395388441e+01 3.865446230667401957e-34 3.865446230667401957e-34
8.483741199004361988e+01 5.958134547579611232e-35 5.958134547579611232e-35
8.678453976438345308e+01 8.791298546271129921e-36 8.791298546271129921e-36
8.877635662671728767e+01 1.240487087944107742e-36 1.240487087944107742e-36
9.081388824912032476e+01 1.672177661741357834e-37 1.672177661741357834e-37
9.289818384416285824e+01 2.151135503664345891e-38 2.151135503664345891e-38
9.503031670519268914e+01 2.638044247992313816e-39 2.638044247992313816e-39
9.721138475902104403e+01 3.080692983570190615e-40 3.080692983570190615e-40
9.944251113129345754e+01 3.421991584928806396e-41 3.421991584928806396e-41
1.017248447248331189e+02 3.611391520413438124e-42 3.611391520413438124e-42
1.040595608112613490e+02 3.616802755052727682e-43 3.616802755052727682e-43
1.064478616361968335e+02 3.433266154736713578e-44 3.433266154736713578e-44
1.088909770383409636e+02 3.085235479477884595e-45 3.085235479477884595e-45
1.113901650827758942e+02 2.621325204017453247e-46 2.621325204017453247e-46
1.139467127087976195e+02 2.103033724257660662e-47 2.103033724257660662e-47
1.165619363926136742e+02 1.591081765789312502e-48 1.591081765789312502e-48
1.192371828252545782e+02 1.133638920101648276e-49 1.133638920101648276e-49
1.219738296060443759e+02 7.596169071600820561e-51 7.596169071600820561e-51
1.247732859519828423e+02 4.780133562686606841e-52 4.780133562686606841e-52
1.276369934234132586e+02 2.820881472459525544e-53 2.820881472459525544e-53
1.305664266663453645e+02 1.558793332571665687e-54 1.558793332571665687e-54
1.335630941718102349e+02 8.053709011884491611e-56 8.053709011884491611e-56
1.366285390526514902e+02 3.884514856912789656e-57 3.884514856912789656e-57
1.397643398381364932e+02 1.746326654518755831e-58 1.746326654518755831e-58
1.429721112868105308e+02 7.305680485107744781e-60 7.305680485107744781e-60
1.462535052180071489e+02 2.839389160979099418e-61 2.839389160979099418e-61
1.496102113624373828e+02 1.023491677043165912e-62 1.023491677043165912e-62
1.530439582323064087e+02 3.415766022152790756e-64 3.415766022152790756e-64
1.565565140114007079e+02 1.053582001143187144e-65 1.053582001143187144e-65
1.601496874655979923e+02 2.998053677775130714e-67 2.998053677775130714e-67
1.638253288742803875e+02 7.855931247715527808e-69 7.855931247715527808e-69
1.675853309831248623e+02 1.891999797666037699e-70 1.891999797666037699e-70
1.714316299787551259e+02 4.179927103636845671e-72 4.179927103636845671e-72
1.753662064857694816e+02 8.454351724183938998e-74 8.454351724183938998e-74
1.793910865866515394e+02 1.562341348942940592e-75 1.562341348942940592e-75
1.835083428650828523e+02 2.632421259749745423e-77 2.632421259749745423e-77
1.877200954732075502e+02 4.035504889342815388e-79 4.035504889342815388e-79
1.920285132233919398e+02 5.616444069188240194e-81 5.616444069188240194e-81
1.964358147050346588e+02 7.080802824130611080e-83 7.080802824130611080e-83
2.009442694270158540e+02 8.068176353882306090e-85 8.068176353882306090e-85
2.055561989863674341e+02 8.289565721671656596e-87 8.289565721671656596e-87
2.102739782637581243e+02 7.661613637350806687e-89 7.661613637350806687e-89
2.151000366464239164e+02 6.354562757300561285e-91 6.354562757300561285e-91
2.200368592791666629e+02 4.717899958363248551e-93 4.717899958363248551e-93
2.250869883440567492e+02 3.127557566647592206e-95 3.127557566647592206e-95
2.302530243695141792e+02 1.846400843293184124e-97 1.846400843293184124e-97
2.355376275694355286e+02 9.681784309935449799e-100 9.681784309935449799e-100
2.409435192130465282e+02 4.496883950445223042e-102 4.496883950445223042e-102
2.464734830262034109e+02 1.844955196799826955e-104 1.844955196799826955e-104
2.521303666248558955e+02 6.667163312069653282e-107 6.667163312069653282e-107
2.579170829814009949e+02 2.115983915281086855e-109 2.115983915281086855e-109
2.638366119247007759e+02 5.880381065590360893e-112 5.880381065590360893e-112
2.698920016745271369e+02 1.426581401198540950e-114 1.426581401198540950e-114
2.760863704112151709e+02 3.011836415340855926e-117 3.011836415340855926e-117
2.824229078813509091e+02 5.516004522386250234e-120 5.516004522386250234e-120
2.889048770403127264e+02 8.734924217635266704e-123 8.734924217635266704e-123
2.955356157325001618e+02 1.192024889131387327e-125 1.192024889131387327e-125
3.023185384101368527e+02 1.397076699545897063e-128 1.397076699545897063e-128
3.092571378915223477e+02 1.401351157825419772e-131 1.401351157825419772e-131
3.163549871596270577e+02 1.198708948353529238e-134 1.198708948353529238e-134
3.236157412019782100e+02 8.712307403525625513e-138 8.712307403525625513e-138
3.310431388927740954e+02 5.360206297067847588e-141 5.360206297067847588e-141
3.386410049181815225e+02 2.780978431405061027e-144 2.780978431405061027e-144
3.464132517458420466e+02 1.211943426251162230e-147 1.211943426251162230e-147
3.543638816395600202e+02 4.418730314387045228e-151 4.418730314387045228e-151
3.624969887202441328e+02 1.342347587465802547e-154 1.342347587465802547e-154
3.708167610741506337e+02 3.383498039038870263e-158 3.383498039038870263e-158
3.793274829095003042e+02 7.045952161793887528e-162 7.045952161793887528e-162
3.880335367626053085e+02 1.206932365142996876e-165 1.206932365142996876e-165
3.969394057546303998e+02 1.692967572501692225e-169 1.692967572501692225e-169
4.060496759001352984e+02 1.935731439283363498e-173 1.935731439283363498e-173
4.153690384686149741e+02 1.795704661117208826e-177 1.795704661117208826e-177
4.249022924002411514e+02 1.345035918435823839e-181 1.345035918435823839e-181
4.346543467770327425e+02 8.094872458491794697e-186 8.094872458491794697e-186
4.446302233507579444e+02 3.894774824352852968e-190 3.894774824352852968e-190
4.548350591288553346e+02 1.490458600759472657e-194 1.490458600759472657e-194
4.652741090196892628e+02 4.512741969296816991e-199 4.512741969296816991e-199
4.759527485385328305e+02 1.075250196419425841e-203 1.075250196419425841e-203
4.868764765756578754e+02 2.005112965935573452e-208 2.005112965935573452e-208
4.980509182279378706e+02 2.909949674386029287e-213 2.909949674386029287e-213
5.094818276954580938e+02 3.267761808451608237e-218 3.267761808451608237e-218
5.211750912446063921e+02 2.822781074623759856e-223 2.822781074623759856e-223
5.331367302391523708e+02 1.864450372216274960e-228 1.864450372216274960e-228
5.453729042409125896e+02 9.358283627127004712e-234 9.358283627127004712e-234
5.578899141815799112e+02 3.547127886330320640e-239 3.547127886330320640e-239
5.706942056073310141e+02 1.008773058401973309e-244 1.008773058401973309e-244
5.837923719979211228e+02 2.138368556673361007e-250 2.138368556673361007e-250
5.971911581619580147e+02 3.355945131939120556e-256 3.355945131939120556e-256
6.108974637100785685e+02 3.872521805417649401e-262 3.872521805417649401e-262
6.249183466078624178e+02 3.262528912540065714e-268 3.262528912540065714e-268
6.392610268102888540e+02 1.992327554627701602e-274 1.992327554627701602e-274
6.539328899795873440e+02 8.753977412115375426e-281 8.753977412115375426e-281
6.689414912884388968e+02 2.746674688077206238e-287 2.746674688077206238e-287
6.842945593104677755e+02 6.106743251353546584e-294 6.106743251353546584e-294
7.000000000000001137e+02 9.544889413398135832e-301 9.544889413398135832e-301
