# # x, Ipressure_b, Ipressure_f
9.999999999999999547e-08 9.999999999999964473e-01 8.749999999999984457e-01
1.022951286804554792e-07 9.999999999999962252e-01 8.749999999999982236e-01
1.046429335175096563e-07 9.999999999999961142e-01 8.749999999999984457e-01
1.070446234967399827e-07 9.999999999999958922e-01 8.749999999999980016e-01
1.095014353514992429e-07 9.999999999999956701e-01 8.749999999999978906e-01
1.120146341997621426e-07 9.999999999999953371e-01 8.749999999999978906e-01
1.145855141955881678e-07 9.999999999999953371e-01 8.749999999999977796e-01
1.172153991955384948e-07 9.999999999999952260e-01 8.749999999999975575e-01
1.199056434403859194e-07 9.999999999999948930e-01 8.749999999999973355e-01
1.226576322524709026e-07 9.999999999999947820e-01 8.749999999999973355e-01
1.254727827490649623e-07 9.999999999999943379e-01 8.749999999999973355e-01
1.283525445721043414e-07 9.999999999999940048e-01 8.749999999999971134e-01
1.312984006346733805e-07 9.999999999999938938e-01 8.749999999999968914e-01
1.343118678846190938e-07 9.999999999999934497e-01 8.749999999999968914e-01
1.373944980856944549e-07 9.999999999999930056e-01 8.749999999999965583e-01
1.405478786166273626e-07 9.999999999999928946e-01 8.749999999999966693e-01
1.437736332885293257e-07 9.999999999999922284e-01 8.749999999999961142e-01
1.470734231810672507e-07 9.999999999999922284e-01 8.749999999999964473e-01
1.504489474978238872e-07 9.999999999999915623e-01 8.749999999999958922e-01
1.539019444412898513e-07 9.999999999999911182e-01 8.749999999999956701e-01
1.574341921079405456e-07 9.999999999999910072e-01 8.749999999999955591e-01
1.610475094038535761e-07 9.999999999999903411e-01 8.749999999999952260e-01
1.647437569813406596e-07 9.999999999999898970e-01 8.749999999999950040e-01
1.685248381970792649e-07 9.999999999999893419e-01 8.749999999999947820e-01
1.723927000922319594e-07 9.999999999999887867e-01 8.749999999999945599e-01
1.763493343950603822e-07 9.999999999999883427e-01 8.749999999999942268e-01
1.803967785465537393e-07 9.999999999999882316e-01 8.749999999999941158e-01
1.845371167495938278e-07 9.999999999999873435e-01 8.749999999999937828e-01
1.887724810421993558e-07 9.999999999999866773e-01 8.749999999999935607e-01
1.931050523954062669e-07 9.999999999999861222e-01 8.749999999999931166e-01
1.975370618363422137e-07 9.999999999999855671e-01 8.749999999999927836e-01
2.020707915970771703e-07 9.999999999999851230e-01 8.749999999999927836e-01
2.067085762898450913e-07 9.999999999999841238e-01 8.749999999999922284e-01
2.114528041092345183e-07 9.999999999999832356e-01 8.749999999999917843e-01
2.163059180619733229e-07 9.999999999999824585e-01 8.749999999999914513e-01
2.212704172249361895e-07 9.999999999999815703e-01 8.749999999999907851e-01
2.263488580320291995e-07 9.999999999999809042e-01 8.749999999999904521e-01
2.315438555906062183e-07 9.999999999999799050e-01 8.749999999999901190e-01
2.368580850280986303e-07 9.999999999999790168e-01 8.749999999999894529e-01
2.422942828695561385e-07 9.999999999999777955e-01 8.749999999999890088e-01
2.478552484467997860e-07 9.999999999999769074e-01 8.749999999999885647e-01
2.535438453399164433e-07 9.999999999999756861e-01 8.749999999999881206e-01
2.593630028518425576e-07 9.999999999999747979e-01 8.749999999999872324e-01
2.653157175167862599e-07 9.999999999999735767e-01 8.749999999999868994e-01
2.714050546432702495e-07 9.999999999999722444e-01 8.749999999999861222e-01
2.776341498925938380e-07 9.999999999999710232e-01 8.749999999999854561e-01
2.840062108935180389e-07 9.999999999999698019e-01 8.749999999999850120e-01
2.905245188940100441e-07 9.999999999999683586e-01 8.749999999999841238e-01
2.971924304509017933e-07 9.999999999999666933e-01 8.749999999999834577e-01
3.040133791583231193e-07 9.999999999999651390e-01 8.749999999999826805e-01
3.109908774158082744e-07 9.999999999999634737e-01 8.749999999999816813e-01
3.181285182369786176e-07 9.999999999999619194e-01 8.749999999999810152e-01
3.254299770997435218e-07 9.999999999999601430e-01 8.749999999999801270e-01
3.328990138389601305e-07 9.999999999999581446e-01 8.749999999999792388e-01
3.405394745825315588e-07 9.999999999999562572e-01 8.749999999999782396e-01
3.483552937319475888e-07 9.999999999999540368e-01 8.749999999999771294e-01
3.563504959882751952e-07 9.999999999999520384e-01 8.749999999999760192e-01
3.645291984246474197e-07 9.999999999999498179e-01 8.749999999999751310e-01
3.728956126063259580e-07 9.999999999999474865e-01 8.749999999999739098e-01
3.814540467594146718e-07 9.999999999999448219e-01 8.749999999999724665e-01
3.902089079893480387e-07 9.999999999999423794e-01 8.749999999999714673e-01
3.991647045503036999e-07 9.999999999999396039e-01 8.749999999999700240e-01
4.083260481666938755e-07 9.999999999999368283e-01 8.749999999999685807e-01
4.176976564079381170e-07 9.999999999999340528e-01 8.749999999999672484e-01
4.272843551177470761e-07 9.999999999999308331e-01 8.749999999999654721e-01
4.370910808991545954e-07 9.999999999999278355e-01 8.749999999999639178e-01
4.471228836565839670e-07 9.999999999999243938e-01 8.749999999999621414e-01
4.573849291962657623e-07 9.999999999999207301e-01 8.749999999999603650e-01
4.678825018863311976e-07 9.999999999999171774e-01 8.749999999999588107e-01
4.786210073779570401e-07 9.999999999999130695e-01 8.749999999999567013e-01
4.896059753889734234e-07 9.999999999999092948e-01 8.749999999999547029e-01
5.008430625513505472e-07 9.999999999999050759e-01 8.749999999999527045e-01
5.123380553240382038e-07 9.999999999999005240e-01 8.749999999999503730e-01
5.240968729726680207e-07 9.999999999998959721e-01 8.749999999999480416e-01
5.361255706176340262e-07 9.999999999998909761e-01 8.749999999999457101e-01
5.484303423521360191e-07 9.999999999998860911e-01 8.749999999999430456e-01
5.610175244317800693e-07 9.999999999998807620e-01 8.749999999999406031e-01
5.738935985373951709e-07 9.999999999998750999e-01 8.749999999999378275e-01
5.870651951127261247e-07 9.999999999998694378e-01 8.749999999999348299e-01
6.005390967787301750e-07 9.999999999998633315e-01 8.749999999999314992e-01
6.143222418262470640e-07 9.999999999998568923e-01 8.749999999999286127e-01
6.284217277888195786e-07 9.999999999998501199e-01 8.749999999999249489e-01
6.428448150975146159e-07 9.999999999998434586e-01 8.749999999999218403e-01
6.575989308196387324e-07 9.999999999998359090e-01 8.749999999999183986e-01
6.726916724832501906e-07 9.999999999998284705e-01 8.749999999999142908e-01
6.881308119894488174e-07 9.999999999998203659e-01 8.749999999999101830e-01
7.039242996144698839e-07 9.999999999998121503e-01 8.749999999999060751e-01
7.200802681036168978e-07 9.999999999998031575e-01 8.749999999999016342e-01
7.366070368591651833e-07 9.999999999997941647e-01 8.749999999998971933e-01
7.535131162243731013e-07 9.999999999997846167e-01 8.749999999998924194e-01
7.708072118658325251e-07 9.999999999997744027e-01 8.749999999998873124e-01
7.884982292563860546e-07 9.999999999997640776e-01 8.749999999998820943e-01
8.065952782609329000e-07 9.999999999997529754e-01 8.749999999998765432e-01
8.251076778274992545e-07 9.999999999997415401e-01 8.749999999998709921e-01
8.440449607859600973e-07 9.999999999997295497e-01 8.749999999998648859e-01
8.634168787568978311e-07 9.999999999997170042e-01 8.749999999998586686e-01
8.832334071731408657e-07 9.999999999997041256e-01 8.749999999998520073e-01
9.035047504165375402e-07 9.999999999996901368e-01 8.749999999998452349e-01
9.242413470726251729e-07 9.999999999996758149e-01 8.749999999998377964e-01
9.454538753059170266e-07 9.999999999996607158e-01 8.749999999998303579e-01
9.671532583585427875e-07 9.999999999996451727e-01 8.749999999998228084e-01
9.893506701750893304e-07 9.999999999996282973e-01 8.749999999998143707e-01
1.012057541156556304e-06 9.999999999996111999e-01 8.749999999998057110e-01
1.035285564046355152e-06 9.999999999995927702e-01 8.749999999997968292e-01
1.059046699951398246e-06 9.999999999995740074e-01 8.749999999997871702e-01
1.083353184501399967e-06 9.999999999995543565e-01 8.749999999997772893e-01
1.108217534149521546e-06 9.999999999995337063e-01 8.749999999997670752e-01
1.133652552617623692e-06 9.999999999995121680e-01 8.749999999997563060e-01
1.159671337489466446e-06 9.999999999994890754e-01 8.749999999997447597e-01
1.186287286955211143e-06 9.999999999994656497e-01 8.749999999997329914e-01
1.213514106710717431e-06 9.999999999994407807e-01 8.749999999997205569e-01
1.241365817015208130e-06 9.999999999994148014e-01 8.749999999997074562e-01
1.269856759910897179e-06 9.999999999993873789e-01 8.749999999996936895e-01
1.299001606608314791e-06 9.999999999993590682e-01 8.749999999996795896e-01
1.328815365041159692e-06 9.999999999993293143e-01 8.749999999996648237e-01
1.359313387594521221e-06 9.999999999992982280e-01 8.749999999996493916e-01
1.390511379010473934e-06 9.999999999992656985e-01 8.749999999996331823e-01
1.422425404475140342e-06 9.999999999992315036e-01 8.749999999996159739e-01
1.455071897891334112e-06 9.999999999991959765e-01 8.749999999995980993e-01
1.488467670341089003e-06 9.999999999991585620e-01 8.749999999995792255e-01
1.522629918742394669e-06 9.999999999991193711e-01 8.749999999995597966e-01
1.557576234704647449e-06 9.999999999990784039e-01 8.749999999995393685e-01
1.593324613587312192e-06 9.999999999990357713e-01 8.749999999995180522e-01
1.629893463766514373e-06 9.999999999989909183e-01 8.749999999994956257e-01
1.667301616114288719e-06 9.999999999989439559e-01 8.749999999994720890e-01
1.705568333695425518e-06 9.999999999988952171e-01 8.749999999994477751e-01
1.744713321686839258e-06 9.999999999988440358e-01 8.749999999994219069e-01
1.784756737524601303e-06 9.999999999987898569e-01 8.749999999993950395e-01
1.825719201283889901e-06 9.999999999987336796e-01 8.749999999993669508e-01
1.867621806297143000e-06 9.999999999986750598e-01 8.749999999993376409e-01
1.910486130015909443e-06 9.999999999986133314e-01 8.749999999993067767e-01
1.954334245122028328e-06 9.999999999985490495e-01 8.749999999992746913e-01
1.999188730893791120e-06 9.999999999984815480e-01 8.749999999992408295e-01
2.045072684832968524e-06 9.999999999984111598e-01 8.749999999992057464e-01
2.092009734558730452e-06 9.999999999983374410e-01 8.749999999991687760e-01
2.140024049974512827e-06 9.999999999982602805e-01 8.749999999991301403e-01
2.189140355714122775e-06 9.999999999981793453e-01 8.749999999990897281e-01
2.239383943873542526e-06 9.999999999980949683e-01 8.749999999990474286e-01
2.290780687034903773e-06 9.999999999980064835e-01 8.749999999990034638e-01
2.343357051589376997e-06 9.999999999979137799e-01 8.749999999989569455e-01
2.397140111365880768e-06 9.999999999978170795e-01 8.749999999989086508e-01
2.452157561572546100e-06 9.999999999977157161e-01 8.749999999988579136e-01
2.508437733058155551e-06 9.999999999976095788e-01 8.749999999988049559e-01
2.566009606900940228e-06 9.999999999974984455e-01 8.749999999987493338e-01
2.624902829332172068e-06 9.999999999973824272e-01 8.749999999986912691e-01
2.685147727002261942e-06 9.999999999972606357e-01 8.749999999986304289e-01
2.746775322597289260e-06 9.999999999971336262e-01 8.749999999985668131e-01
2.809817350813898520e-06 9.999999999970005105e-01 8.749999999985003107e-01
2.874306274700842523e-06 9.999999999968613995e-01 8.749999999984306998e-01
2.940275302375633297e-06 9.999999999967155162e-01 8.749999999983576471e-01
3.007758404124811273e-06 9.999999999965628605e-01 8.749999999982814858e-01
3.076790329896689711e-06 9.999999999964034325e-01 8.749999999982016607e-01
3.147406627195629602e-06 9.999999999962363439e-01 8.749999999981182830e-01
3.219643659386959096e-06 9.999999999960615948e-01 8.749999999980309084e-01
3.293538624422015347e-06 9.999999999958788521e-01 8.749999999979395371e-01
3.369129573993003915e-06 9.999999999956873387e-01 8.749999999978438359e-01
3.446455433127424634e-06 9.999999999954872765e-01 8.749999999977435827e-01
3.525556020232255469e-06 9.999999999952777774e-01 8.749999999976391107e-01
3.606472067598130735e-06 9.999999999950585083e-01 8.749999999975293097e-01
3.689245242374190969e-06 9.999999999948288032e-01 8.749999999974146236e-01
3.773918168024260115e-06 9.999999999945888840e-01 8.749999999972943865e-01
3.860534446275513078e-06 9.999999999943375295e-01 8.749999999971689313e-01
3.949138679570845397e-06 9.999999999940747397e-01 8.749999999970373699e-01
4.039776494036636208e-06 9.999999999937996265e-01 8.749999999968999242e-01
4.132494562977577877e-06 9.999999999935116346e-01 8.749999999967561504e-01
4.227340630910739522e-06 9.999999999932102090e-01 8.749999999966052711e-01
4.324363538151319181e-06 9.999999999928949057e-01 8.749999999964477304e-01
4.423613245962598697e-06 9.999999999925652805e-01 8.749999999962825292e-01
4.525140862283113441e-06 9.999999999922198901e-01 8.749999999961102226e-01
4.628998668044383571e-06 9.999999999918589566e-01 8.749999999959293673e-01
4.735240144092582324e-06 9.999999999914808146e-01 8.749999999957405183e-01
4.843919998728091971e-06 9.999999999910850201e-01 8.749999999955427876e-01
4.955094195877219097e-06 9.999999999906711290e-01 8.749999999953356200e-01
5.068819983910391680e-06 9.999999999902379200e-01 8.749999999951192375e-01
5.185155925121777952e-06 9.999999999897850600e-01 8.749999999948925300e-01
5.304161925885584618e-06 9.999999999893107727e-01 8.749999999946552753e-01
5.425899267504395410e-06 9.999999999888142810e-01 8.749999999944071405e-01
5.550430637765512279e-06 9.999999999882949187e-01 8.749999999941475703e-01
5.677820163221656305e-06 9.999999999877516865e-01 8.749999999938760098e-01
5.808133442212452276e-06 9.999999999871825862e-01 8.749999999935913486e-01
5.941437578643796000e-06 9.999999999865877287e-01 8.749999999932939199e-01
6.077801216542609126e-06 9.999999999859650046e-01 8.749999999929823913e-01
6.217294575404563345e-06 9.999999999853133037e-01 8.749999999926567629e-01
6.359989486353075802e-06 9.999999999846312937e-01 8.749999999923158134e-01
6.505959429128318026e-06 9.999999999839177534e-01 8.749999999919589877e-01
6.655279569925052669e-06 9.999999999831712394e-01 8.749999999915856197e-01
6.808026800098896704e-06 9.999999999823898644e-01 8.749999999911951543e-01
6.964279775761061195e-06 9.999999999815720741e-01 8.749999999907861481e-01
7.124118958281728725e-06 9.999999999807164253e-01 8.749999999903582681e-01
7.287626655723018144e-06 9.999999999798211414e-01 8.749999999899108483e-01
7.454887065223035171e-06 9.999999999788842242e-01 8.749999999894422231e-01
7.625986316352550611e-06 9.999999999779038973e-01 8.749999999889519486e-01
7.801012515466768639e-06 9.999999999768778292e-01 8.749999999884391366e-01
7.980055791075167697e-06 9.999999999758044655e-01 8.749999999879021217e-01
8.163208340252498205e-06 9.999999999746809198e-01 8.749999999873404599e-01
8.350564476114965694e-06 9.999999999735053047e-01 8.749999999867527078e-01
8.542220676386207392e-06 9.999999999722753996e-01 8.749999999861377553e-01
8.738275633077744774e-06 9.999999999709882070e-01 8.749999999854940480e-01
8.938830303309783023e-06 9.999999999696410624e-01 8.749999999848205867e-01
9.143987961298291850e-06 9.999999999682316343e-01 8.749999999841157061e-01
9.353854251535443924e-06 9.999999999667565920e-01 8.749999999833782960e-01
9.568537243190438049e-06 9.999999999652130489e-01 8.749999999826065800e-01
9.788147485758986121e-06 9.999999999635976744e-01 8.749999999817990037e-01
1.001279806598992079e-05 9.999999999619076929e-01 8.749999999809537909e-01
1.024260466611854795e-05 9.999999999601392187e-01 8.749999999800694983e-01
1.047768562343632585e-05 9.999999999582883659e-01 8.749999999791443495e-01
1.071816199122777395e-05 9.999999999563518038e-01 8.749999999781759019e-01
1.096415760110611949e-05 9.999999999543250917e-01 8.749999999771623793e-01
1.121579912677946920e-05 9.999999999522044547e-01 8.749999999761021163e-01
1.147321614928045910e-05 9.999999999499853409e-01 8.749999999749926705e-01
1.173654122369324345e-05 9.999999999476633095e-01 8.749999999738315992e-01
1.200590994741173285e-05 9.999999999452330313e-01 8.749999999726167932e-01
1.228146102996443515e-05 9.999999999426905095e-01 8.749999999713452548e-01
1.256333636444211122e-05 9.999999999400296380e-01 8.749999999700147635e-01
1.285168110056454129e-05 9.999999999372450876e-01 8.749999999686225438e-01
1.314664371942427407e-05 9.999999999343315293e-01 8.749999999671657092e-01
1.344837610994607853e-05 9.999999999312825238e-01 8.749999999656411509e-01
1.375703364710100226e-05 9.999999999280920759e-01 8.749999999640458714e-01
1.407277527191552651e-05 9.999999999247535243e-01 8.749999999623767621e-01
1.439576357331730721e-05 9.999999999212597634e-01 8.749999999606296042e-01
1.472616487185910473e-05 9.999999999176040211e-01 8.749999999588017330e-01
1.506414930536430117e-05 9.999999999137784146e-01 8.749999999568890408e-01
1.540989091653835225e-05 9.999999999097750614e-01 8.749999999548871976e-01
1.576356774259075828e-05 9.999999999055861899e-01 8.749999999527926509e-01
1.612536190691398868e-05 9.999999999012024743e-01 8.749999999506010706e-01
1.649545971286681397e-05 9.999999998966154768e-01 8.749999999483073498e-01
1.687405173970983171e-05 9.999999998918153166e-01 8.749999999459073807e-01
1.726133294074280879e-05 9.999999998867926676e-01 8.749999999433959452e-01
1.765750274369470447e-05 9.999999998815364277e-01 8.749999999407678253e-01
1.806276515341749089e-05 9.999999998760360498e-01 8.749999999380176918e-01
1.847732885693689357e-05 9.999999998702804316e-01 8.749999999351395497e-01
1.890140733091452973e-05 9.999999998642576937e-01 8.749999999321284028e-01
1.933521895157610162e-05 9.999999998579555127e-01 8.749999999289772568e-01
1.977898710716254540e-05 9.999999998513603439e-01 8.749999999256795613e-01
2.023294031296266521e-05 9.999999998444590865e-01 8.749999999222288771e-01
2.069731232898495263e-05 9.999999998372373078e-01 8.749999999186178767e-01
2.117234228033088896e-05 9.999999998296805748e-01 8.749999999148396768e-01
2.165827478033101138e-05 9.999999998217726782e-01 8.749999999108855064e-01
2.215536005650628815e-05 9.999999998134977419e-01 8.749999999067480383e-01
2.266385407942129464e-05 9.999999998048385574e-01 8.749999999024183905e-01
2.318401869449471692e-05 9.999999997957774722e-01 8.749999998978877924e-01
2.371612175683427448e-05 9.999999997862955015e-01 8.749999998931468070e-01
2.426043726916706734e-05 9.999999997763735493e-01 8.749999998881855534e-01
2.481724552293568164e-05 9.999999997659908546e-01 8.749999998829942616e-01
2.538683324263163148e-05 9.999999997551261011e-01 8.749999998775616072e-01
2.596949373344267483e-05 9.999999997437566401e-01 8.749999998718769323e-01
2.656552703228805794e-05 9.999999997318596012e-01 8.749999998659283573e-01
2.717524006232025567e-05 9.999999997194101153e-01 8.749999998597033368e-01
2.779894679097319135e-05 9.999999997063825363e-01 8.749999998531892142e-01
2.843696839163743466e-05 9.999999996927499968e-01 8.749999998463730000e-01
2.908963340904596306e-05 9.999999996784847411e-01 8.749999998392401501e-01
2.975727792845633485e-05 9.999999996635570154e-01 8.749999998317762318e-01
3.044024574871524467e-05 9.999999996479365105e-01 8.749999998239659238e-01
3.113888855929513829e-05 9.999999996315903639e-01 8.749999998157926839e-01
3.185356612139458995e-05 9.999999996144856018e-01 8.749999998072400809e-01
3.258464645319462992e-05 9.999999995965863642e-01 8.749999997982904620e-01
3.333250601936691657e-05 9.999999995778564577e-01 8.749999997889248426e-01
3.409752992493195455e-05 9.999999995582566914e-01 8.749999997791249040e-01
3.488011211356602828e-05 9.999999995377469864e-01 8.749999997688698850e-01
3.568065557045950773e-05 9.999999995162851540e-01 8.749999997581385802e-01
3.649957252983166025e-05 9.999999994938267855e-01 8.749999997469091184e-01
3.733728468720754932e-05 9.999999994703256956e-01 8.749999997351579628e-01
3.819422341656695852e-05 9.999999994457333674e-01 8.749999997228617987e-01
3.907082999247783321e-05 9.999999994199993969e-01 8.749999997099945359e-01
3.996755581732727502e-05 9.999999993930706044e-01 8.749999996965297511e-01
4.088486265376779940e-05 9.999999993648915897e-01 8.749999996824396886e-01
4.182322286249925709e-05 9.999999993354040662e-01 8.749999996676954828e-01
4.278311964550737568e-05 9.999999993045477487e-01 8.749999996522669354e-01
4.376504729488499366e-05 9.999999992722589104e-01 8.749999996361219612e-01
4.476951144736480379e-05 9.999999992384704939e-01 8.749999996192273644e-01
4.579702934469316789e-05 9.999999992031135543e-01 8.749999996015481729e-01
4.684813009997973552e-05 9.999999991661151499e-01 8.749999995830484156e-01
4.792335497016156310e-05 9.999999991273990085e-01 8.749999995636896788e-01
4.902325763471832270e-05 9.999999990868850830e-01 8.749999995434319944e-01
5.014840448078622121e-05 9.999999990444902176e-01 8.749999995222337290e-01
5.129937489481566928e-05 9.999999990001271488e-01 8.749999995000512509e-01
5.247676156092106607e-05 9.999999989537042833e-01 8.749999994768389300e-01
5.368117076607988909e-05 9.999999989051260307e-01 8.749999994525489155e-01
5.491322271233658369e-05 9.999999988542925822e-01 8.749999994271311365e-01
5.617355183616992552e-05 9.999999988010989105e-01 8.749999994005333015e-01
5.746280713519226626e-05 9.999999987454354367e-01 8.749999993727003433e-01
5.878165250234699960e-05 9.999999986871876967e-01 8.749999993435753076e-01
6.013076706777404029e-05 9.999999986262356755e-01 8.749999993130980203e-01
6.151084554852439840e-05 9.999999985624534737e-01 8.749999992812051985e-01
6.292259860629938108e-05 9.999999984957104182e-01 8.749999992478322275e-01
6.436675321340043705e-05 9.999999984258681751e-01 8.749999992129096071e-01
6.584405302707918941e-05 9.999999983527836367e-01 8.749999991763655061e-01
6.735525877247813093e-05 9.999999982763057016e-01 8.749999991381248732e-01
6.890114863436028214e-05 9.999999981962770512e-01 8.749999990981086606e-01
7.048251865783073441e-05 9.999999981125327064e-01 8.749999990562341567e-01
7.210018315825413840e-05 9.999999980249008047e-01 8.749999990124159854e-01
7.375497514058015349e-05 9.999999979332000466e-01 8.749999989665629974e-01
7.544774672829441706e-05 9.999999978372414722e-01 8.749999989185811566e-01
7.717936960221306658e-05 9.999999977368281279e-01 8.749999988683716534e-01
7.895073544934819881e-05 9.999999976317524020e-01 8.749999988158304598e-01
8.076275642207671917e-05 9.999999975217985781e-01 8.749999987608506613e-01
8.261636560784636220e-05 9.999999974067396158e-01 8.749999987033175719e-01
8.451251750966200205e-05 9.999999972863392594e-01 8.749999986431137300e-01
8.645218853760121280e-05 9.999999971603482640e-01 8.749999985801141245e-01
8.843637751160931257e-05 9.999999970285079476e-01 8.749999985141897474e-01
9.046610617583414056e-05 9.999999968905468606e-01 8.749999984452045965e-01
9.254241972476700965e-05 9.999999967461806749e-01 8.749999983730163411e-01
9.466638734145780881e-05 9.999999965951116287e-01 8.749999982974767665e-01
9.683910274808267831e-05 9.999999964370287486e-01 8.749999982184295533e-01
9.906168476914967397e-05 9.999999962716067392e-01 8.749999981357126089e-01
1.013352779076289345e-04 9.999999960985042069e-01 8.749999980491549589e-01
1.036610529343062937e-04 9.999999959173652142e-01 8.749999979585785237e-01
1.060402074906636831e-04 9.999999957278166152e-01 8.749999978637967857e-01
1.084739667055965162e-04 9.999999955294672782e-01 8.749999977646139016e-01
1.109635838262844917e-04 9.999999953219094184e-01 8.749999976608265895e-01
1.135103408635428112e-04 9.999999951047151558e-01 8.749999975522201323e-01
1.161155492519848722e-04 9.999999948774372927e-01 8.749999974385714863e-01
1.187805505253355758e-04 9.999999946396074257e-01 8.749999973196459502e-01
1.215067170072455806e-04 9.999999943907357247e-01 8.749999971951989419e-01
1.242954525179588835e-04 9.999999941303100437e-01 8.749999970649741110e-01
1.271481930972004706e-04 9.999999938577930347e-01 8.749999969287025614e-01
1.300664077436553521e-04 9.999999935726244793e-01 8.749999967861042949e-01
1.330515991714182884e-04 9.999999932742158482e-01 8.749999966368852133e-01
1.361053045838061734e-04 9.999999929619532990e-01 8.749999964807381181e-01
1.392290964649305172e-04 9.999999926351935686e-01 8.749999963173412665e-01
1.424245833894361693e-04 9.999999922932635288e-01 8.749999961463577058e-01
1.456934108508264934e-04 9.999999919354584099e-01 8.749999959674357175e-01
1.490372621087978039e-04 9.999999915610421342e-01 8.749999957802064854e-01
1.524578590560224107e-04 9.999999911692425414e-01 8.749999955842840960e-01
1.559569631048257177e-04 9.999999907592534987e-01 8.749999953792654273e-01
1.595363760942121142e-04 9.999999903302303483e-01 8.749999951647277063e-01
1.631979412177096906e-04 9.999999898812885757e-01 8.749999949402291755e-01
1.669435439725103915e-04 9.999999894115044752e-01 8.749999947053074267e-01
1.707751131303924413e-04 9.999999889199103764e-01 8.749999944594784029e-01
1.746946217309283558e-04 9.999999884054934229e-01 8.749999942022357313e-01
1.787040880974882773e-04 9.999999878671940179e-01 8.749999939330491694e-01
1.828055768765601613e-04 9.999999873039038256e-01 8.749999936513644938e-01
1.870012001009263688e-04 9.999999867144622190e-01 8.749999933566018351e-01
1.912931182772388463e-04 9.999999860976555022e-01 8.749999930481534571e-01
1.956835414985573821e-04 9.999999854522131360e-01 8.749999927253836463e-01
2.001747305824219637e-04 9.999999847768059613e-01 8.749999923876281560e-01
2.047689982350438351e-04 9.999999840700428688e-01 8.749999920341907655e-01
2.094687102422176938e-04 9.999999833304678010e-01 8.749999916643436126e-01
2.142762866875672198e-04 9.999999825565577538e-01 8.749999912773245292e-01
2.191942031987487909e-04 9.999999817467193353e-01 8.749999908723365971e-01
2.242249922222591348e-04 9.999999808992838801e-01 8.749999904485451507e-01
2.293712443275015053e-04 9.999999800125064509e-01 8.749999900050775548e-01
2.346356095407795776e-04 9.999999790845607306e-01 8.749999895410200956e-01
2.400207987099117898e-04 9.999999781135352483e-01 8.749999890554165383e-01
2.455295849001615347e-04 9.999999770974310476e-01 8.749999885472669048e-01
2.511648048222083992e-04 9.999999760341541366e-01 8.749999880155240328e-01
2.569293602928932095e-04 9.999999749215157108e-01 8.749999874590930204e-01
2.628262197294864173e-04 9.999999737572241587e-01 8.749999868768268962e-01
2.688584196782548420e-04 9.999999725388815097e-01 8.749999862675268414e-01
2.750290663781100793e-04 9.999999712639785487e-01 8.749999856299371936e-01
2.813413373601430243e-04 9.999999699298898204e-01 8.749999849627448922e-01
2.877984830838729510e-04 9.999999685338682998e-01 8.749999842645750370e-01
2.944038286110470118e-04 9.999999670730388424e-01 8.749999835339898890e-01
3.011607753178581156e-04 9.999999655443924107e-01 8.749999827694842081e-01
3.080728026464606899e-04 9.999999639447817446e-01 8.749999819694829206e-01
3.151434698966829127e-04 9.999999622709127012e-01 8.749999811323379006e-01
3.223764180588642512e-04 9.999999605193380381e-01 8.749999802563249718e-01
3.297753716887586351e-04 9.999999586864506407e-01 8.749999793396395775e-01
3.373441408254663067e-04 9.999999567684759727e-01 8.749999783803927844e-01
3.450866229533876956e-04 9.999999547614646378e-01 8.749999773766089506e-01
3.530068050092065399e-04 9.999999526612839418e-01 8.749999763262200636e-01
3.611087654349323553e-04 9.999999504636090109e-01 8.749999752270620768e-01
3.693966762780685645e-04 9.999999481639137988e-01 8.749999740768716894e-01
3.778748053399761785e-04 9.999999457574640926e-01 8.749999728732780202e-01
3.865475183735492693e-04 9.999999432393030796e-01 8.749999716138028294e-01
3.954192813313299124e-04 9.999999406042466843e-01 8.749999702958505265e-01
4.044946626652165707e-04 9.999999378468686917e-01 8.749999689167069494e-01
4.137783356789575661e-04 9.999999349614914212e-01 8.749999674735308153e-01
4.232750809346371140e-04 9.999999319421738475e-01 8.749999659633488358e-01
4.329897887143895324e-04 9.999999287826986105e-01 8.749999643830500551e-01
4.429274615386170812e-04 9.999999254765608026e-01 8.749999627293790772e-01
4.530932167420037462e-04 9.999999220169527581e-01 8.749999609989294047e-01
4.634922891086477479e-04 9.999999183967515082e-01 8.749999591881357786e-01
4.741300335676803895e-04 9.999999146085033486e-01 8.749999572932687375e-01
4.850119279507459020e-04 9.999999106444089625e-01 8.749999553104241823e-01
4.961435758127735436e-04 9.999999064963057682e-01 8.749999532355176024e-01
5.075307093174903379e-04 9.999999021556544854e-01 8.749999510642744172e-01
5.191791921891556871e-04 9.999998976135177076e-01 8.749999487922219821e-01
5.310950227320461545e-04 9.999998928605446924e-01 8.749999464146794859e-01
5.432843369192414187e-04 9.999998878869498231e-01 8.749999439267499568e-01
5.557534115522972090e-04 9.999998826824940679e-01 8.749999413233069401e-01
5.685086674934443189e-04 9.999998772364631083e-01 8.749999385989881695e-01
5.815566729719622279e-04 9.999998715376453573e-01 8.749999357481810236e-01
5.949041469664443802e-04 9.999998655743088660e-01 8.749999327650131997e-01
6.085579626646909308e-04 9.999998593341777875e-01 8.749999296433388363e-01
6.225251510030043378e-04 9.999998528044068413e-01 8.749999263767275215e-01
6.368129042867230315e-04 9.999998459715533361e-01 8.749999229584491944e-01
6.514285798938498559e-04 9.999998388215530776e-01 8.749999193814631537e-01
6.663797040636780565e-04 9.999998313396873950e-01 8.749999156383999610e-01
6.816739757723778732e-04 9.999998235105559408e-01 8.749999117215494504e-01
6.973192706975315115e-04 9.999998153180436056e-01 8.749999076228417438e-01
7.133236452736534941e-04 9.999998067452874340e-01 8.749999033338345944e-01
7.296953408408003933e-04 9.999997977746418742e-01 8.749998988456917370e-01
7.464427878883856575e-04 9.999997883876440286e-01 8.749998941491674564e-01
7.635746103964034977e-04 9.999997785649727966e-01 8.749998892345871582e-01
7.810996302762882428e-04 9.999997682864119053e-01 8.749998840918263854e-01
7.990268719136918441e-04 9.999997575308074982e-01 8.749998787102911679e-01
8.173655668155292101e-04 9.999997462760228384e-01 8.749998730788948187e-01
8.361251583636807386e-04 9.999997344988960091e-01 8.749998671860373944e-01
8.553153066777893299e-04 9.999997221751900645e-01 8.749998610195784954e-01
8.749458935896779668e-04 9.999997092795440690e-01 8.749998545668160599e-01
8.950270277319229400e-04 9.999996957854202506e-01 8.749998478144560554e-01
9.155690497432265483e-04 9.999996816650497111e-01 8.749998407485897189e-01
9.365825375932579269e-04 9.999996668893770257e-01 8.749998333546598062e-01
9.580783120296995073e-04 9.999996514279972937e-01 8.749998256174356115e-01
9.800674421503168410e-04 9.999996352490969631e-01 8.749998175209782181e-01
1.002561251102915057e-03 9.999996183193857746e-01 8.749998090486084124e-01
1.025571321916113419e-03 9.999996006040307028e-01 8.749998001828732663e-01
1.049109503463936449e-03 9.999995820665823487e-01 8.749997909055085010e-01
1.073187916567321359e-03 9.999995626689011097e-01 8.749997811974034034e-01
1.097818960235642707e-03 9.999995423710794640e-01 8.749997710385584160e-01
1.123015318051489003e-03 9.999995211313582599e-01 8.749997604080463898e-01
1.148789964701997209e-03 9.999994989060422279e-01 8.749997492839679536e-01
1.175156172660069302e-03 9.999994756494098302e-01 8.749997376434075491e-01
1.202127519018933400e-03 9.999994513136204466e-01 8.749997254623855802e-01
1.229717892483584828e-03 9.999994258486135656e-01 8.749997127158083421e-01
1.257941500522670886e-03 9.999993992020085321e-01 8.749996993774185050e-01
1.286812876684518625e-03 9.999993713189957445e-01 8.749996854197378271e-01
1.316346888081099250e-03 9.999993421422249673e-01 8.749996708140137525e-01
1.346558743043734484e-03 9.999993116116862035e-01 8.749996555301586820e-01
1.377463998954511987e-03 9.999992796645879034e-01 8.749996395366868018e-01
1.409078570257465838e-03 9.999992462352270683e-01 8.749996228006521326e-01
1.441418736653599748e-03 9.999992112548555800e-01 8.749996052875774755e-01
1.474501151483995510e-03 9.999991746515382030e-01 8.749995869613865773e-01
1.508342850305351059e-03 9.999991363500040364e-01 8.749995677843265263e-01
1.542961259662308611e-03 9.999990962714947473e-01 8.749995477168930336e-01
1.578374206061138648e-03 9.999990543336007010e-01 8.749995267177468339e-01
1.614599925149359230e-03 9.999990104500923183e-01 8.749995047436295303e-01
1.651657071106074756e-03 9.999989645307439945e-01 8.749994817492739996e-01
1.689564726247804686e-03 9.999989164811485809e-01 8.749994576873125762e-01
1.728342410854777182e-03 9.999988662025227626e-01 8.749994325081767998e-01
1.768010093222780821e-03 9.999988135915067744e-01 8.749994061599983830e-01
1.808588199945688124e-03 9.999987585399495726e-01 8.749993785884996322e-01
1.850097626433974988e-03 9.999987009346897882e-01 8.749993497368833140e-01
1.892559747674687175e-03 9.999986406573216913e-01 8.749993195457156370e-01
1.935996429238328632e-03 9.999985775839542734e-01 8.749992879528029066e-01
1.980430038538371317e-03 9.999985115849545636e-01 8.749992548930634051e-01
2.025883456349221023e-03 9.999984425246860598e-01 8.749992202983951639e-01
2.072380088588498918e-03 9.999983702612265102e-01 8.749991840975334112e-01
2.119943878369741960e-03 9.999982946460799216e-01 8.749991462159049105e-01
2.168599318331766116e-03 9.999982155238706927e-01 8.749991065754738617e-01
2.218371463250965164e-03 9.999981327320275337e-01 8.749990650945821402e-01
2.269285942943077578e-03 9.999980461004472909e-01 8.749990216877800986e-01
2.321368975461108892e-03 9.999979554511491120e-01 8.749989762656503745e-01
2.374647380596112047e-03 9.999978605979090718e-01 8.749989287346248146e-01
2.429148593687863091e-03 9.999977613458792547e-01 8.749988789967909630e-01
2.484900679752474317e-03 9.999976574911880745e-01 8.749988269496903337e-01
2.541932347934306152e-03 9.999975488205237184e-01 8.749987724861081340e-01
2.600272966289527386e-03 9.999974351106972748e-01 8.749987154938512202e-01
2.659952576908968663e-03 9.999973161281865419e-01 8.749986558555178373e-01
2.721001911388120590e-03 9.999971916286574114e-01 8.749985934482561456e-01
2.783452406652136939e-03 9.999970613564644895e-01 8.749985281435097573e-01
2.847336221144038202e-03 9.999969250441286261e-01 8.749984598067546138e-01
2.912686251384511999e-03 9.999967824117887982e-01 8.749983882972207638e-01
2.979536148911727644e-03 9.999966331666312325e-01 8.749983134676033725e-01
3.047920337609939107e-03 9.999964770022899962e-01 8.749982351637576317e-01
3.117874031435860505e-03 9.999963135982206097e-01 8.749981532243831239e-01
3.189433252551824704e-03 9.999961426190461244e-01 8.749980674806907555e-01
3.262634849875125503e-03 9.999959637138710056e-01 8.749979777560554783e-01
3.337516518053145094e-03 9.999957765155638167e-01 8.749978838656522484e-01
3.414116816873928768e-03 9.999955806400085967e-01 8.749977856160741085e-01
3.492475191122255702e-03 9.999953756853200426e-01 8.749976828049369493e-01
3.572631990891494882e-03 9.999951612310228333e-01 8.749975752204597335e-01
3.654628492361572997e-03 9.999949368371938707e-01 8.749974626410302880e-01
3.738506919053868546e-03 9.999947020435632217e-01 8.749973448347466709e-01
3.824310463573886345e-03 9.999944563685765342e-01 8.749972215589418845e-01
3.912083309853030613e-03 9.999941993084129344e-01 8.749970925596830540e-01
4.001870655900787062e-03 9.999939303359555165e-01 8.749969575712492897e-01
4.093718737079097940e-03 9.999936488997184236e-01 8.749968163155820156e-01
4.187674849910979873e-03 9.999933544227228577e-01 8.749966685017156465e-01
4.283787376435516277e-03 9.999930463013197990e-01 8.749965138251757368e-01
4.382105809121818879e-03 9.999927239039608784e-01 8.749963519673541468e-01
4.482680776354879860e-03 9.999923865699128500e-01 8.749961825948505689e-01
4.585564068506273877e-03 9.999920336079103356e-01 8.749960053587881870e-01
4.690808664603222586e-03 9.999916642947502821e-01 8.749958198940934739e-01
4.798468759609821402e-03 9.999912778738191399e-01 8.749956258187459035e-01
4.908599792334332294e-03 9.999908735535530946e-01 8.749954227329902468e-01
5.021258473976975521e-03 9.999904505058293536e-01 8.749952102185138969e-01
5.136502817333022698e-03 9.999900078642800505e-01 8.749949878375854473e-01
5.254392166666046506e-03 9.999895447225330969e-01 8.749947551321527461e-01
5.374987228266805105e-03 9.999890601323689898e-01 8.749945116229016495e-01
5.498350101713575869e-03 9.999885531017941309e-01 8.749942568082665906e-01
5.624544311849868396e-03 9.999880225930281030e-01 8.749939901633996264e-01
5.753634841496061726e-03 9.999874675203933583e-01 8.749937111390888589e-01
5.885688164911916619e-03 9.999868867481142010e-01 8.749934191606288936e-01
6.020772282026983120e-03 9.999862790880118535e-01 8.749931136266361209e-01
6.158956753456711238e-03 9.999856432970943843e-01 8.749927939078118166e-01
6.300312736322145370e-03 9.999849780750358352e-01 8.749924593456462896e-01
6.444913020891863790e-03 9.999842820615409966e-01 8.749921092510623000e-01
6.592832068064775897e-03 9.999835538335911655e-01 8.749917429029985261e-01
6.744146047713196583e-03 9.999827919025594536e-01 8.749913595469228644e-01
6.898932877906066401e-03 9.999819947111985297e-01 8.749909583932813373e-01
7.057272265032275491e-03 9.999811606304896960e-01 8.749905386158719489e-01
7.219245744844861139e-03 9.999802879563467473e-01 8.749900993501436020e-01
7.384936724447357069e-03 9.999793749061709480e-01 8.749896396914176311e-01
7.554430525243653258e-03 9.999784196152478044e-01 8.749891586930252929e-01
7.727814426873603690e-03 9.999774201329799661e-01 8.749886553643589915e-01
7.905177712157155506e-03 9.999763744189488213e-01 8.749881286688350190e-01
8.086611713069864066e-03 9.999752803387955691e-01 8.749875775217590412e-01
8.272209857773603001e-03 9.999741356599154418e-01 8.749870007880937717e-01
8.462067718726829987e-03 9.999729380469554174e-01 8.749863972801241729e-01
8.656283061898912071e-03 9.999716850571075399e-01 8.749857657550135226e-01
8.854955897113962401e-03 9.999703741351885222e-01 8.749851049122457924e-01
9.058188529550309856e-03 9.999690027761726219e-01 8.749844133909499000e-01
9.266085612421747289e-03 9.999675678483695984e-01 8.749836897670999480e-01
9.478754200868015622e-03 9.999660665960362627e-01 8.749829325505857902e-01
9.696303807082015669e-03 9.999644959606527328e-01 8.749821401821477052e-01
9.918846456702452158e-03 9.999628527431546621e-01 8.749813110301686292e-01
1.014649674650059188e-02 9.999611335975082671e-01 8.749804433873178411e-01
1.037937190339100792e-02 9.999593350239965872e-01 8.749795354670415470e-01
1.061759184479687396e-02 9.999574533621999883e-01 8.749785853998849339e-01
1.086127924040053080e-02 9.999554847836606974e-01 8.749775912296512415e-01
1.111055957531131844e-02 9.999534252842118276e-01 8.749765509093766491e-01
1.136556121468338190e-02 9.999512706759648983e-01 8.749754622971223084e-01
1.162641546981632752e-02 9.999490165789289842e-01 8.749743231515707542e-01
1.189325666577299365e-02 9.999466584122567170e-01 8.749731311274177026e-01
1.216622221054933228e-02 9.999441913850923846e-01 8.749718837705511287e-01
1.244545266583161995e-02 9.999416104870069155e-01 8.749705785130056368e-01
1.273109181937763165e-02 9.999389104780045390e-01 8.749692126676862358e-01
1.302328675905928962e-02 9.999360858780743655e-01 8.749677834228440920e-01
1.332218794860444595e-02 9.999331309562780046e-01 8.749662878363013707e-01
1.362794930507705074e-02 9.999300397193401357e-01 8.749647228294022971e-01
1.394072827813580551e-02 9.999268058997299313e-01 8.749630851806902143e-01
1.426068593111166731e-02 9.999234229432067966e-01 8.749613715192897656e-01
1.458798702394632080e-02 9.999198839958064466e-01 8.749595783179824338e-01
1.492280009803403570e-02 9.999161818902422283e-01 8.749577018859628907e-01
1.526529756301105330e-02 9.999123091317004830e-01 8.749557383612585060e-01
1.561565578553662272e-02 9.999082578829958656e-01 8.749536837028007996e-01
1.597405518011167647e-02 9.999040199490659697e-01 8.749515336821287459e-01
1.634068030198220292e-02 9.998995867607722854e-01 8.749492838747089385e-01
1.671571994217457141e-02 9.998949493579754044e-01 8.749469296508547433e-01
1.709936722471203444e-02 9.998900983718581603e-01 8.749444661662245659e-01
1.749181970606280417e-02 9.998850240064591777e-01 8.749418883518838008e-01
1.789327947687024967e-02 9.998797160193856337e-01 8.749391909039052617e-01
1.830395326601795200e-02 9.998741637016651529e-01 8.749363682724904390e-01
1.872405254708349800e-02 9.998683558567073026e-01 8.749334146505876042e-01
1.915379364723520522e-02 9.998622807783253963e-01 8.749303239619861117e-01
1.959339785862816014e-02 9.998559262277881832e-01 8.749270898488598069e-01
2.004309155235728390e-02 9.998492794098516878e-01 8.749237056587361172e-01
2.050310629502542434e-02 9.998423269477340058e-01 8.749201644308640669e-01
2.097367896798682518e-02 9.998350548569798768e-01 8.749164588819537958e-01
2.145505188932774962e-02 9.998274485181755100e-01 8.749125813912578264e-01
2.194747293864631604e-02 9.998194926484579304e-01 8.749085239849665463e-01
2.245119568469643861e-02 9.998111712717691058e-01 8.749042783198830442e-01
2.296647951596108780e-02 9.998024676878047856e-01 8.748998356663455489e-01
2.349358977422284084e-02 9.997933644395952113e-01 8.748951868903650508e-01
2.403279789119963303e-02 9.997838432796682939e-01 8.748903224349398045e-01
2.458438152831645546e-02 9.997738851347256483e-01 8.748852323005102960e-01
2.514862471968544455e-02 9.997634700687774156e-01 8.748799060245150416e-01
2.572581801836711438e-02 9.997525772446625991e-01 8.748743326600044723e-01
2.631625864598843845e-02 9.997411848838952952e-01 8.748685007532764901e-01
2.692025064579536484e-02 9.997292702247585483e-01 8.748623983204777410e-01
2.753810503921757039e-02 9.997168094785771064e-01 8.748560128231368527e-01
2.817013998602660788e-02 9.997037777840899198e-01 8.748493311425693530e-01
2.881668094817035897e-02 9.996901491598483291e-01 8.748423395531113034e-01
2.947806085736722620e-02 9.996758964545501280e-01 8.748350236941236924e-01
3.015462028654678286e-02 9.996609912952291177e-01 8.748273685407120803e-01
3.084670762522576104e-02 9.996454040332120039e-01 8.748193583731086465e-01
3.155467925890863279e-02 9.996291036877448244e-01 8.748109767446478058e-01
3.227889975260557487e-02 9.996120578872015328e-01 8.748022064482777749e-01
3.301974203856310186e-02 9.995942328077654926e-01 8.747930294815396968e-01
3.377758760830264217e-02 9.995755931094916225e-01 8.747834270099470455e-01
3.455282670906677234e-02 9.995561018696323963e-01 8.747733793286882609e-01
3.534585854477464290e-02 9.995357205131243372e-01 8.747628658225851117e-01
3.615709148158898628e-02 9.995144087464207239e-01 8.747518649242185251e-01
3.698694325820153783e-02 9.994921244567863683e-01 8.747403540701509383e-01
3.783584120094431180e-02 9.994688236711788409e-01 8.747283096551478065e-01
3.870422244383877469e-02 9.994444604491522499e-01 8.747157069843186639e-01
3.959253415369468759e-02 9.994189868035558977e-01 8.747025202230767071e-01
4.050123376037526035e-02 9.993923526113981382e-01 8.746887223448286397e-01
4.143078919234795265e-02 9.993645055209682271e-01 8.746742850762820876e-01
4.238167911764065959e-02 9.993353908550723919e-01 8.746591788402734435e-01
4.335439319032824423e-02 9.993049515102314651e-01 8.746433726960056720e-01
4.434943230267689857e-02 9.992731278516781002e-01 8.746268342765720627e-01
4.536730884307491746e-02 9.992398576039985825e-01 8.746095297236574639e-01
4.640854695988314016e-02 9.992050757372459291e-01 8.745914236192854352e-01
4.747368283134206779e-02 9.991687143483500844e-01 8.745724789144809774e-01
4.856326494167276936e-02 9.991307025376507944e-01 8.745526568547149493e-01
4.967785436351467715e-02 9.990909662803612035e-01 8.745319169019902805e-01
5.081802504684660576e-02 9.990494282927784297e-01 8.745102166534176602e-01
5.198436411453793288e-02 9.990060078930373955e-01 8.744875117561311528e-01
5.317747216468309696e-02 9.989606208562086254e-01 8.744637558183835369e-01
5.439796357987596725e-02 9.989131792635320695e-01 8.744389003166533891e-01
5.564646684358142553e-02 9.988635913455639059e-01 8.744128944985933849e-01
5.692362486376872921e-02 9.988117613190247157e-01 8.743856852816352943e-01
5.823009530397196820e-02 9.987575892171125513e-01 8.743572171470702648e-01
5.956655092194998447e-02 9.987009707130489744e-01 8.743274320294028845e-01
6.093367991611790130e-02 9.986417969366154779e-01 8.742962692007832937e-01
6.233218627992966054e-02 9.985799542834367104e-01 8.742636651502986300e-01
6.376279016439526104e-02 9.985153242167472687e-01 8.742295534579129779e-01
6.522622824891706472e-02 9.984477830613904814e-01 8.741938646628212295e-01
6.672325412063731531e-02 9.983772017897748485e-01 8.741565261259850450e-01
6.825463866249326106e-02 9.983034457995152433e-01 8.741174618866043300e-01
6.982117045017753598e-02 9.982263746824818762e-01 8.740765925122673252e-01
7.142365615820925329e-02 9.981458419849631447e-01 8.740338349425172959e-01
7.306292097532622598e-02 9.980616949586559317e-01 8.739891023255621505e-01
7.473980902940960402e-02 9.979737743021802610e-01 8.739423038478386641e-01
7.645518382216123787e-02 9.978819138928105570e-01 8.738933445561419822e-01
7.820992867375861635e-02 9.977859405081171973e-01 8.738421251720082106e-01
8.000494717771398923e-02 9.976856735371991691e-01 8.737885418980418928e-01
8.184116366617295857e-02 9.975809246811839781e-01 8.737324862158528660e-01
8.371952368589379023e-02 9.974714976426695134e-01 8.736738446752684295e-01
8.564099448514946034e-02 9.973571878037769123e-01 8.736124986744715493e-01
8.760656551180559526e-02 9.972377818924749171e-01 8.735483242306950613e-01
8.961724892282905974e-02 9.971130576368392173e-01 8.734811917411078319e-01
9.167408010549209230e-02 9.969827834069053818e-01 8.734109657334999666e-01
9.377811821053715080e-02 9.968467178437598886e-01 8.733375046063698299e-01
9.593044669757863629e-02 9.967046094755361851e-01 8.732606603579996518e-01
9.813217389302381077e-02 9.965561963199546236e-01 8.731802783041031635e-01
1.003844335607972510e-01 9.964012054730608803e-01 8.730961967835981774e-01
1.026883854861638801e-01 9.962393526838150271e-01 8.730082468520641292e-01
1.050452160729535012e-01 9.960703419141809789e-01 8.729162519624191763e-01
1.074561389544905071e-01 9.958938648843717045e-01 8.728200276323422324e-01
1.099223956185451101e-01 9.957096006029046986e-01 8.727193810979536615e-01
1.124452560466300682e-01 9.955172148811354260e-01 8.726141109532573603e-01
1.150260193679681076e-01 9.953163598319320071e-01 8.725040067748305317e-01
1.176660145284686015e-01 9.951066733521692909e-01 8.723888487312397855e-01
1.203666009750603977e-01 9.948877785887253467e-01 8.722684071766496627e-01
1.231291693557286654e-01 9.946592833876786166e-01 8.721424422280747990e-01
1.259551422356185724e-01 9.944207797264087434e-01 8.720107033257264995e-01
1.288459748295767426e-01 9.941718431283292912e-01 8.718729287758795188e-01
1.318031557515028096e-01 9.939120320599883485e-01 8.717288452756933870e-01
1.348282077809012380e-01 9.936408873102944295e-01 8.715781674193958661e-01
1.379226886470248103e-01 9.933579313516512910e-01 8.714205971852491128e-01
1.410881918310179783e-01 9.930626676828004928e-01 8.712558234026914761e-01
1.443263473864679902e-01 9.927545801532079439e-01 8.710835211990622939e-01
1.476388227787886198e-01 9.924331322688535462e-01 8.709033514253027297e-01
1.510273237438714278e-01 9.920977664793140249e-01 8.707149600600235795e-01
1.544935951664416773e-01 9.917479034460803256e-01 8.705179775913398643e-01
1.580394219785734577e-01 9.913829412920693862e-01 8.703120183758673578e-01
1.616666300788297539e-01 9.910022548323567104e-01 8.700966799742780866e-01
1.653770872724951713e-01 9.906051947861895801e-01 8.698715424628269410e-01
1.691727042333880937e-01 9.901910869704000362e-01 8.696361677202717466e-01
1.730554354877507084e-01 9.897592314743935971e-01 8.693900986896059280e-01
1.770272804207175532e-01 9.893089018169564097e-01 8.691328586516888777e-01
1.810902843058837808e-01 9.888393440851795946e-01 8.688639502857017360e-01
1.852465393585064901e-01 9.883497760558939138e-01 8.685828550742663579e-01
1.894981858128751973e-01 9.878393863000658470e-01 8.682890323122238740e-01
1.938474130244093041e-01 9.873073332707071881e-01 8.679819182711073777e-01
1.982964605970534977e-01 9.867527443749372074e-01 8.676609252990621357e-01
2.028476195365445656e-01 9.861747150309344567e-01 8.673254408923043446e-01
2.075032334301494252e-01 9.855723077106336438e-01 8.669748267378054596e-01
2.122656996534772744e-01 9.849445509691110434e-01 8.666084177269519628e-01
2.171374706049937209e-01 9.842904384617631175e-01 8.662255209399942757e-01
2.221210549688649449e-01 9.836089279504769411e-01 8.658254146011703511e-01
2.272190190067856497e-01 9.828989403001535674e-01 8.654073470044754135e-01
2.324339878794599579e-01 9.821593584670862409e-01 8.649705354101328014e-01
2.377686469984083284e-01 9.813890264808556863e-01 8.645141649119367777e-01
2.432257434087997383e-01 9.805867484215707863e-01 8.640373872757302065e-01
2.488080872040261404e-01 9.797512873944637102e-01 8.635393197494222184e-01
2.545185529727389540e-01 9.788813645040376210e-01 8.630190438559349753e-01
2.603600812790965446e-01 9.779756578301638248e-01 8.624756041049428390e-01
2.663356801769902749e-01 9.770328014087377166e-01 8.619080067854659744e-01
2.724484267590190911e-01 9.760513842197249268e-01 8.613152186264798615e-01
2.787014687410150904e-01 9.750299491856700973e-01 8.606961654863464206e-01
2.850980260829407698e-01 9.739669921839733124e-01 8.600497310089728620e-01
2.916413926469833551e-01 9.728609610765222016e-01 8.593747552588949512e-01
2.983349378937040774e-01 9.717102547605185325e-01 8.586700333371877214e-01
3.051821086171214725e-01 9.705132222446322121e-01 8.579343139803681240e-01
3.121864307196124400e-01 9.692681617549268047e-01 8.571662981447644158e-01
3.193515110275485513e-01 9.679733198752868972e-01 8.563646375791078569e-01
3.266810391486097420e-01 9.666268907274284672e-01 8.555279333884617810e-01
3.341787893717194646e-01 9.652270151958969313e-01 8.546547345929499384e-01
3.418486226105894032e-01 9.637717802038143766e-01 8.537435366851318097e-01
3.496944883918670643e-01 9.622592180455047384e-01 8.527927801902822624e-01
3.577204268889208061e-01 9.606873057824970585e-01 8.518008492342749038e-01
3.659305710022969782e-01 9.590539647098029752e-01 8.507660701242307777e-01
3.743291484879251452e-01 9.573570598997619419e-01 8.496867099475909901e-01
3.829204841341762866e-01 9.555943998311682286e-01 8.485609751958039793e-01
3.917090019888795349e-01 9.537637361118025403e-01 8.473870104193662600e-01
4.006992276374521933e-01 9.518627633029442814e-01 8.461628969215536644e-01
4.098957905333229790e-01 9.498891188548617137e-01 8.448866514987962706e-01
4.193034263818338214e-01 9.478403831627452147e-01 8.435562252363115743e-01
4.289269795788557826e-01 9.457140797529853815e-01 8.421695023682872483e-01
4.387714057053815342e-01 9.435076756101722362e-01 8.407242992126363612e-01
4.488417740793643196e-01 9.412185816556423168e-01 8.392183631910935526e-01
4.591432703661249559e-01 9.388441533888683965e-01 8.376493719462060339e-01
4.696811992486791265e-01 9.363816917034374354e-01 8.360149325675928500e-01
4.804609871593437664e-01 9.338284438898263318e-01 8.343125809406856108e-01
4.914881850740373537e-01 9.311816048376257982e-01 8.325397812320386448e-01
5.027684713707216702e-01 9.284383184502860153e-01 8.306939255261975852e-01
5.143076547534386478e-01 9.255956792859058035e-01 8.287723336300319987e-01
5.261116772434638600e-01 9.226507344379539788e-01 8.267722530613837995e-01
5.381866172391039926e-01 9.196004856702102437e-01 8.246908592398355387e-01
5.505386926457317420e-01 9.164418918205510245e-01 8.225252558983694451e-01
5.631742640776497000e-01 9.131718714885278532e-01 8.202724757356666396e-01
5.760998381334399010e-01 9.097873060219542340e-01 8.179294813297586231e-01
5.893220707464981167e-01 9.062850428179433093e-01 8.154931663347192439e-01
6.028477706124563129e-01 9.026618989540318161e-01 8.129603569830140541e-01
6.166839026952691816e-01 8.989146651651251929e-01 8.103278139170700944e-01
6.308375918137805183e-01 8.950401101820564254e-01 8.075922343804095016e-01
6.453161263105945400e-01 8.910349854475346776e-01 8.047502547582394694e-01
6.601269618051532895e-01 8.868960302251381878e-01 8.017984535816652381e-01
6.752777250329626835e-01 8.826199771168072861e-01 7.987333549052629822e-01
6.907762177729228625e-01 8.782035580039986300e-01 7.955514321727851224e-01
7.066304208647947727e-01 8.736435104272332053e-01 7.922491125640522824e-01
7.228484983188859792e-01 8.689365844182302956e-01 7.888227818570572314e-01
7.394388015200459296e-01 8.640795497981472728e-01 7.852687898337785688e-01
7.564098735281488128e-01 8.590692039546249381e-01 7.815834562582459899e-01
7.737704534772903431e-01 8.539023801093380550e-01 7.777630774552974913e-01
7.915294810759380129e-01 8.485759560866258377e-01 7.738039335181203793e-01
8.096961012103738309e-01 8.430868635924150256e-01 7.697022961720952905e-01
8.282796686537829967e-01 8.374320980111354951e-01 7.654544373216176645e-01
8.472897528834375525e-01 8.316087287265653272e-01 7.610566383054274686e-01
8.667361430084273843e-01 8.256139099706009121e-01 7.565051998845250258e-01
8.866288528104874223e-01 8.194448922017339987e-01 7.517964529849171518e-01
9.069781259005342822e-01 8.130990340125680005e-01 7.469267702152390109e-01
9.277944409935369174e-01 8.065738145630139133e-01 7.418925781766771976e-01
9.490885173044510958e-01 7.998668465328192534e-01 7.366903705795511126e-01
9.708713200680152422e-01 7.929758895838168176e-01 7.313167221773396731e-01
9.931540661852149565e-01 7.858988643187541090e-01 7.257683035249224979e-01
1.015948229999341645e+00 7.786338667196843755e-01 7.200418965631776302e-01
1.039265549204636097e+00 7.711791830447651819e-01 7.141344110269324252e-01
1.063118030890527033e+00 7.635333051578391261e-01 7.080429016675405807e-01
1.087517957724589035e+00 7.556949462603819168e-01 7.017645862749943841e-01
1.112477894277429824e+00 7.476630569903124357e-01 6.952968644775190388e-01
1.138010693492720549e+00 7.394368418467613946e-01 6.886373372890236544e-01
1.164129503305722180e+00 7.310157758941775441e-01 6.817838273665302040e-01
1.190847773413735711e+00 7.223996216931299896e-01 6.747343999308587081e-01
1.218179262201919855e+00 7.135884463989221604e-01 6.674873842943825908e-01
1.246138043828079578e+00 7.045826389625327035e-01 6.600413959295846622e-01
1.274738515470044575e+00 6.953829273616644047e-01 6.523953590015225679e-01
1.303995404739410002e+00 6.859903957826478660e-01 6.445485292761484741e-01
1.333923777265408450e+00 6.764065016668231456e-01 6.365005173048379206e-01
1.364539044452841798e+00 6.666330925277099695e-01 6.282513117734441765e-01
1.395856971418091952e+00 6.566724224379035801e-01 6.198013028918908374e-01
1.427893685107248789e+00 6.465271680772730623e-01 6.111513056877977412e-01
1.460665682600557957e+00 6.362004442266683268e-01 6.023025830550087223e-01
1.494189839607493964e+00 6.256958185841154929e-01 5.932568683953041155e-01
1.528483419156780432e+00 6.150173257734846688e-01 5.840163876792279218e-01
1.563564080485854157e+00 6.041694804088573179e-01 5.745838807399075154e-01
1.599449888134384823e+00 5.931572890714771340e-01 5.649626216022660685e-01
1.636159321246473564e+00 5.819862610503716560e-01 5.551564376393063327e-01
1.673711283086346979e+00 5.706624176924830483e-01 5.451697273373411479e-01
1.712125110772481085e+00 5.591923002036855994e-01 5.350074764434470387e-01
1.751420585235103911e+00 5.475829757385177743e-01 5.246752722612594289e-01
1.791617941402235958e+00 5.358420416138738318e-01 5.141793158557007581e-01
1.832737878619544736e+00 5.239776274805182377e-01 5.035264319236402164e-01
1.874801571309316905e+00 5.119983952862714460e-01 4.927240760861079649e-01
1.917830679874066968e+00 4.999135368661195566e-01 4.817803393586703176e-01
1.961847361850431071e+00 4.877327689975903269e-01 4.707039495602775014e-01
2.006874283319019181e+00 4.754663257646485897e-01 4.595042694275215944e-01
2.052934630576163766e+00 4.631249480801885032e-01 4.481912912109398128e-01
2.100052122073519989e+00 4.507198702261852041e-01 4.367756275430799695e-01
2.148251020631743113e+00 4.382628032817613151e-01 4.252684983845515521e-01
2.197556145934444150e+00 4.257659153230549109e-01 4.136817138744769973e-01
2.247992887308897458e+00 4.132418082948530191e-01 4.020276529355868433e-01
2.299587216800123013e+00 4.007034914726184671e-01 3.903192375118029744e-01
2.352365702544995330e+00 3.881643514549221741e-01 3.785699023475165848e-01
2.406355522453303752e+00 3.756381186502764646e-01 3.667935602527442329e-01
2.461584478202853532e+00 3.631388302490839437e-01 3.550045628368531658e-01
2.518081009555732663e+00 3.506807897008206720e-01 3.432176567354356389e-01
2.575874209003149229e+00 3.382785227484725876e-01 3.314479353997696887e-01
2.634993836746435836e+00 3.259467301066275025e-01 3.197107865658999626e-01
2.695470336021843050e+00 3.137002369081907105e-01 3.080218355702750710e-01
2.757334848777050151e+00 3.015539390697666300e-01 2.963968847305100129e-01
2.820619231707525820e+00 2.895227468068323762e-01 2.848518490627089950e-01
2.885356072660894000e+00 2.776215255032472018e-01 2.734026886602658468e-01
2.951578707417797709e+00 2.658650342506948538e-01 2.620653381123602133e-01
3.019321236857960500e+00 2.542678623752448464e-01 2.508556333928141924e-01
3.088618544520170595e+00 2.428443643247958084e-01 2.397892367007725678e-01
3.159506314565326157e+00 2.316085933310351730e-01 2.288815597828653958e-01
3.232021050151716590e+00 2.205742342999593431e-01 2.181476863113801234e-01
3.306200092232106869e+00 2.097545364230970211e-01 2.076022939347748342e-01
3.382081638782178601e+00 1.991622460367043490e-01 1.972595766432997111e-01
3.459704764470286964e+00 1.888095402874097051e-01 1.871331681489264431e-01
3.539109440778728910e+00 1.787079621893348791e-01 1.772360669558627200e-01
3.620336556586756238e+00 1.688683576787780305e-01 1.675805638584600410e-01
3.703427939225993004e+00 1.593008152871963068e-01 1.581781725822455076e-01
3.788426376019169872e+00 1.500146090607813731e-01 1.490395642905427420e-01
3.875375636313133754e+00 1.410181453546321406e-01 1.401745066649219273e-01
3.964320494017540497e+00 1.323189141197591012e-01 1.315918082523689914e-01
4.055306750660911064e+00 1.239234452897300526e-01 1.232992687201741738e-01
4.148381258975785357e+00 1.158372708268215201e-01 1.153036356505880572e-01
4.243591947025178612e+00 1.080648929832405403e-01 1.076105684212231434e-01
4.340987842882852554e+00 1.006097592527736562e-01 1.002246096750556287e-01
4.440619099879951293e+00 9.347424445144454641e-02 9.314916480518173336e-02
4.542537022431079485e+00 8.665964029263367729e-02 8.638648979967840369e-02
4.646794092453204073e+00 8.016615274771130006e-02 7.993768770313006145e-02
4.753443996390807946e+00 7.399290739960866226e-02 7.380271385561625042e-02
4.862541652861372299e+00 6.813796290577874004e-02 6.798038996837013626e-02
4.974143240935287480e+00 6.259833258995875505e-02 6.246842698940087424e-02
5.088306229064930797e+00 5.737001408037643857e-02 5.726345660360059736e-02
5.205089404677613274e+00 5.244802680722774474e-02 5.236107110201638354e-02
5.324552904447718227e+00 4.782645706611550473e-02 4.775587124579756121e-02
5.446758245263723097e+00 4.349851024866670940e-02 4.344152164379540271e-02
5.571768355905855508e+00 3.945656973877353924e-02 3.941081306084064789e-02
5.699647609450793517e+00 3.569226187489814295e-02 3.565573097827703930e-02
5.830461856420193101e+00 3.219652628781874415e-02 3.216752964138459153e-02
5.964278458689921791e+00 2.895969084107750599e-02 2.893681075165813188e-02
6.101166324177541789e+00 2.597155033025487850e-02 2.595360589730574818e-02
6.241195942326031698e+00 2.322144803877993630e-02 2.320746176427100974e-02
6.384439420401792908e+00 2.069835920394080472e-02 2.068752713393581105e-02
6.530970520625739795e+00 1.839097541834468219e-02 1.838264065342435152e-02
6.680864698156713466e+00 1.628778897957705238e-02 1.628141836012940435e-02
6.834199139946547596e+00 1.437717621156216902e-02 1.437233996080867528e-02
6.991052804486902694e+00 1.264747878810379075e-02 1.264383288018919305e-02
7.151506462468468328e+00 1.108708215644949729e-02 1.108435316829404528e-02
7.315642738373208331e+00 9.684490188066099611e-03 9.682462391388601403e-03
7.483546153021285896e+00 8.428395273084041475e-03 8.426899726116779399e-03
7.655303167094399619e+00 7.307743155713743340e-03 7.306648561838497390e-03
7.831002225658199478e+00 6.311791907510209965e-03 6.310997019441545210e-03
8.010733803706404643e+00 5.430164544114538493e-03 5.429591906470785691e-03
8.194590452750212251e+00 4.652894907354521679e-03 4.652485746657861014e-03
8.382666848477148491e+00 3.970466554582540233e-03 3.970176643154986473e-03
8.575059839503596848e+00 3.373844527822633665e-03 3.373640866011370053e-03
8.771868497246263274e+00 2.854499973988845231e-03 2.854358153094803743e-03
8.973194166938402105e+00 2.404427745744936937e-03 2.404329871432102014e-03
9.179140519816781918e+00 2.016157183693578336e-03 2.016090256186195417e-03
9.389813606506406174e+00 1.682756408586385741e-03 1.682711071306394746e-03
9.605321911630646525e+00 1.397830535501327822e-03 1.397800117791088339e-03
9.825776409674574552e+00 1.155514301960851569e-03 1.155494094068089872e-03
1.005129062213042346e+01 9.504596647856818677e-04 9.504463743264534876e-04
1.028198067595489107e+01 7.778189801761524816e-04 7.778103288606956012e-04
1.051796536336764376e+01 6.332243812454988689e-04 6.332188088242105776e-04
1.075936620302264579e+01 5.127640411526740135e-04 5.127604904079861555e-04
1.100630750258347490e+01 4.129559530664507440e-04 4.129537153744090991e-04
1.125891642273441384e+01 3.307198812314631701e-04 3.307184868688027341e-04
1.151732304266107931e+01 2.633480986939994248e-04 2.633472398142038527e-04
1.178166042703392513e+01 2.084754910602088927e-04 2.084749682376522690e-04
1.205206469452867779e+01 1.640495578625882783e-04 1.640492434333230744e-04
1.232867508791982836e+01 1.283007875897319860e-04 1.283006008154658753e-04
1.261163404578287306e+01 9.971382135884175211e-05 9.971371180881210053e-05
1.290108727584174808e+01 7.699975569816079916e-05 7.699969226995015804e-05
1.319718383000015827e+01 5.906986930543556464e-05 5.906983306468890070e-05
1.350007618109495056e+01 4.501099336165067188e-05 4.501097293374787400e-05
1.380992030141062799e+01 3.406268265489897890e-05 3.406267129886674834e-05
1.412687574299631699e+01 2.559628602154956435e-05 2.559627979759014006e-05
1.445110571982616321e+01 1.909596129531346116e-05 1.909595793327922142e-05
1.478277719184486472e+01 1.414163271841228116e-05 1.414163092909463996e-05
1.512206095094269642e+01 1.039384829559084770e-05 1.039384735765299979e-05
1.546913170890377209e+01 7.580461160184154516e-06 7.580460676112168936e-06
1.582416818737228681e+01 5.485032695672604846e-06 5.485032449783321112e-06
1.618735320988414728e+01 3.936835688854640165e-06 3.936835565968201320e-06
1.655887379601086096e+01 2.802322742973425043e-06 2.802322682572956118e-06
1.693892125766356926e+01 1.977917945096007296e-06 1.977917915909493606e-06
1.732769129760793803e+01 1.383987636568206689e-06 1.383987622708326852e-06
1.772538411024016369e+01 9.598482805381296828e-07 9.598482740726920445e-07
1.813220448467522061e+01 6.596750297468115410e-07 6.596750267852589909e-07
1.854836191020179470e+01 4.491828291105728932e-07 4.491828277790708226e-07
1.897407068415755660e+01 3.029622110849316043e-07 3.029622104976062643e-07
1.940955002227958914e+01 2.023626488914165643e-07 2.023626486373546434e-07
1.985502417158824073e+01 1.338292483566635510e-07 1.338292482489354126e-07
2.031072252586177029e+01 8.760935721128531302e-08 8.760935716652961410e-08
2.077687974376059898e+01 5.675791381759411185e-08 5.675791379938483577e-08
2.125373586966334827e+01 3.638096385036086504e-08 3.638096384310893290e-08
2.174153645727628970e+01 2.306677124265807862e-08 2.306677123983242964e-08
2.224053269607887273e+01 1.446288031454081949e-08 1.446288031346418933e-08
2.275098154067270428e+01 8.965328324763985912e-09 8.965328324363048161e-09
2.327314584309786127e+01 5.492961063733238768e-09 5.492961063587382837e-09
2.380729448818698302e+01 3.325534037602903375e-09 3.325534037551099121e-09
2.435370253202590973e+01 1.988865822161168965e-09 1.988865822143215010e-09
2.491265134359129974e+01 1.174678559177657274e-09 1.174678559171588870e-09
2.548442874963988558e+01 6.849781848692320786e-10 6.849781848672329899e-10
2.606932918292316614e+01 3.942306523318490744e-10 3.942306523312076475e-10
2.666765383380283794e+01 2.238766844928552038e-10 2.238766844926547935e-10
2.727971080534697634e+01 1.254059255388721897e-10 1.254059255388112885e-10
2.790581527198586187e+01 6.926929707933016048e-11 6.926929707931214345e-11
2.854628964180819395e+01 3.771696316851111937e-11 3.771696316850594949e-11
2.920146372258316347e+01 2.023775545184463315e-11 2.023775545184318882e-11
2.987167489159303102e+01 1.069721812514938371e-11 1.069721812514899274e-11
3.055726826936246354e+01 5.568164750620083638e-12 5.568164750619981048e-12
3.125859689737625757e+01 2.853201345172889360e-12 2.853201345172863914e-12
3.197602191987597209e+01 1.438714991719704463e-12 1.438714991719698405e-12
3.270991276982784512e+01 7.136387377303611721e-13 7.136387377303596575e-13
3.346064735916006327e+01 3.480799257272034099e-13 3.480799257272030060e-13
3.422861227336628076e+01 1.668815429870450338e-13 1.668815429870449328e-13
3.501420297057428144e+01 7.861300702113235970e-14 7.861300702113233446e-14
3.581782398518475219e+01 3.637151177154027114e-14 3.637151177154027114e-14
3.663988913618386789e+01 1.652072795480025186e-14 1.652072795480025186e-14
3.748082174023559077e+01 7.364000528478983536e-15 7.364000528478983536e-15
3.834105482966604939e+01 3.219785593262992390e-15 3.219785593262992390e-15
3.922103137545095564e+01 1.380307983691731487e-15 1.380307983691731487e-15
4.012120451531944809e+01 5.799144577617804112e-16 5.799144577617804112e-16
4.104203778709466377e+01 2.386652739025586032e-16 2.386652739025586032e-16
4.198400536738972733e+01 9.617135753785254874e-17 9.617135753785254874e-17
4.294759231578074576e+01 3.792473978122017487e-17 3.792473978122017487e-17
4.393329482458523216e+01 1.462864582070021930e-17 1.462864582070021930e-17
4.494162047437344398e+01 5.516576618512604776e-18 5.516576618512604776e-18
4.597308849534233133e+01 2.032794621283198456e-18 2.032794621283198456e-18
4.702823003469001151e+01 7.315513313785126683e-19 7.315513313785126683e-19
4.810758843012686015e+01 2.569729467311505783e-19 2.569729467311505783e-19
4.921171948966227916e+01 8.806021342072597314e-20 8.806021342072597314e-20
5.034119177781471421e+01 2.942216913874656125e-20 2.942216913874656125e-20
5.149658690839053321e+01 9.578985129652244892e-21 9.578985129652244892e-21
5.267849984398079499e+01 3.037075623157052253e-21 3.037075623157052253e-21
5.388753920233358485e+01 9.371703071772234983e-22 9.371703071772234983e-22
5.512432756975813675e+01 2.812792467243513721e-22 2.812792467243513721e-22
5.638950182171976877e+01 8.206091645958467823e-23 8.206091645958467823e-23
5.768371345079614088e+01 2.325580833204609142e-23 2.325580833204609142e-23
5.900762890215723644e+01 6.397839356374978607e-24 6.397839356374978607e-24
6.036192991674725761e+01 1.707441408186435477e-24 1.707441408186435477e-24
6.174731388234308582e+01 4.417391121359596057e-25 4.417391121359596057e-25
6.316449419266773191e+01 1.107091446836237626e-25 1.107091446836237626e-25
6.461420061474815668e+01 2.685849401512197151e-26 2.685849401512197151e-26
6.609717966470441297e+01 6.302835794066192598e-27 6.302835794066192598e-27
6.761419499216135875e+01 1.429600577841355454e-27 1.429600577841355454e-27
6.916602777348541053e+01 3.131687580584457745e-28 3.131687580584457745e-28
7.075347711404661766e+01 6.620334899712058362e-29 6.620334899712058362e-29
7.237736045971075782e+01 1.349472885034584650e-29 1.349472885034584650e-29
7.403851401777805563e+01 2.650133511592081847e-30 2.650133511592081847e-30
7.573779318758329282e+01 5.009785308289948567e-31 5.009785308289948567e-31
7.747607300097573102e+01 9.108316295588839739e-32 9.108316295588839739e-32
7.925424857291157821e+01 1.591240627767013738e-32 1.591240627767013738e-32
8.107323556238810625e+01 2.668791215244728596e-33 2.668791215244728596e-33
8.293397064395388441e+01 4.293064565712338923e-34 4.293064565712338923e-34
8.483741199004361988e+01 6.617258208821980786e-35 6.617258208821980786e-35
8.678453976438345308e+01 9.763843177324231144e-36 9.763843177324231144e-36
8.877635662671728767e+01 1.377716966210007850e-36 1.377716966210007850e-36
9.081388824912032476e+01 1.857163621516745473e-37 1.857163621516745473e-37
9.289818384416285824e+01 2.389106505751049752e-38 2.389106505751049752e-38
9.503031670519268914e+01 2.929879848868911346e-39 2.929879848868911346e-39
9.721138475902104403e+01 3.421496870102871299e-40 3.421496870102871299e-40
9.944251113129345754e+01 3.800551811763167309e-41 3.800551811763167309e-41
1.017248447248331189e+02 4.010904182323169645e-42 4.010904182323169645e-42
1.040595608112613490e+02 4.016913973811014971e-43 4.016913973811014971e-43
1.064478616361968335e+02 3.813073454531911907e-44 3.813073454531911907e-44
1.088909770383409636e+02 3.426541606846703696e-45 3.426541606846703696e-45
1.113901650827758942e+02 2.911310919733538764e-46 2.911310919733538764e-46
1.139467127087976195e+02 2.335683091298106492e-47 2.335683091298106492e-47
1.165619363926136742e+02 1.767096114927727028e-48 1.767096114927727028e-48
1.192371828252545782e+02 1.259048369667868341e-49 1.259048369667868341e-49
1.219738296060443759e+02 8.436499474388262723e-51 8.436499474388262723e-51
1.247732859519828423e+02 5.308938409056651811e-52 5.308938409056651811e-52
1.276369934234132586e+02 3.132942961296852150e-53 3.132942961296852150e-53
1.305664266663453645e+02 1.731235638283122119e-54 1.731235638283122119e-54
1.335630941718102349e+02 8.944654557330257906e-56 8.944654557330257906e-56
1.366285390526514902e+02 4.314241182378311533e-57 4.314241182378311533e-57
1.397643398381364932e+02 1.939514857734512316e-58 1.939514857734512316e-58
1.429721112868105308e+02 8.113874711350721131e-60 8.113874711350721131e-60
1.462535052180071489e+02 3.153497841933990930e-61 3.153497841933990930e-61
1.496102113624373828e+02 1.136715883403580889e-62 1.136715883403580889e-62
1.530439582323064087e+02 3.793636563646707852e-64 3.793636563646707852e-64
1.565565140114007079e+02 1.170134937048365765e-65 1.170134937048365765e-65
1.601496874655979923e+02 3.329714545969643122e-67 3.329714545969643122e-67
1.638253288742803875e+02 8.724996644420707908e-69 8.724996644420707908e-69
1.675853309831248623e+02 2.101302977227564949e-70 2.101302977227564949e-70
1.714316299787551259e+02 4.642333044567048803e-72 4.642333044567048803e-72
1.753662064857694816e+02 9.389617337516288443e-74 9.389617337516288443e-74
1.793910865866515394e+02 1.735175890204373743e-75 1.735175890204373743e-75
1.835083428650828523e+02 2.923633726933448028e-77 2.923633726933448028e-77
1.877200954732075502e+02 4.481933903947547041e-79 4.481933903947547041e-79
1.920285132233919398e+02 6.237764929579843346e-81 6.237764929579843346e-81
1.964358147050346588e+02 7.864118756572408221e-83 7.864118756572408221e-83
2.009442694270158540e+02 8.960720703319904965e-85 8.960720703319904965e-85
2.055561989863674341e+02 9.206601258435389836e-87 9.206601258435389836e-87
2.102739782637581243e+02 8.509181729963004657e-89 8.509181729963004657e-89
2.151000366464239164e+02 7.057537935307219598e-91 7.057537935307219598e-91
2.200368592791666629e+02 5.239818843076426737e-93 5.239818843076426737e-93
2.250869883440567492e+02 3.473544393056318472e-95 3.473544393056318472e-95
2.302530243695141792e+02 2.050659376449385369e-97 2.050659376449385369e-97
2.355376275694355286e+02 1.075283392845864905e-99 1.075283392845864905e-99
2.409435192130465282e+02 4.994352737792775895e-102 4.994352737792775895e-102
2.464734830262034109e+02 2.049053761783026494e-104 2.049053761783026494e-104
2.521303666248558955e+02 7.404719636001566938e-107 7.404719636001566938e-107
2.579170829814009949e+02 2.350065059261103202e-109 2.350065059261103202e-109
2.638366119247007759e+02 6.530899355558694829e-112 6.530899355558694829e-112
2.698920016745271369e+02 1.584397234013983229e-114 1.584397234013983229e-114
2.760863704112151709e+02 3.345021358388399919e-117 3.345021358388399919e-117
2.824229078813509091e+02 6.126213474170821812e-120 6.126213474170821812e-120
2.889048770403127264e+02 9.701226659060978451e-123 9.701226659060978451e-123
2.955356157325001618e+02 1.323892832755656104e-125 1.323892832755656104e-125
3.023185384101368527e+02 1.551628523727056697e-128 1.551628523727056697e-128
3.092571378915223477e+02 1.556375836078018724e-131 1.556375836078018724e-131
3.163549871596270577e+02 1.331316295199321969e-134 1.331316295199321969e-134
3.236157412019782100e+02 9.676107590801084860e-138 9.676107590801084860e-138
3.310431388927740954e+02 5.953179814641341211e-141 5.953179814641341211e-141
3.386410049181815225e+02 3.088624515987596791e-144 3.088624515987596791e-144
3.464132517458420466e+02 1.346014811804425936e-147 1.346014811804425936e-147
3.543638816395600202e+02 4.907552857032245255e-151 4.907552857032245255e-151
3.624969887202441328e+02 1.490844934735145063e-154 1.490844934735145063e-154
3.708167610741506337e+02 3.757797858919457276e-158 3.757797858919457276e-158
3.793274829095003042e+02 7.825411312105929426e-162 7.825411312105929426e-162
3.880335367626053085e+02 1.340449370780489754e-165 1.340449370780489754e-165
3.969394057546303998e+02 1.880252260314973567e-169 1.880252260314973567e-169
4.060496759001352984e+02 2.149871892395747872e-173 2.149871892395747872e-173
4.153690384686149741e+02 1.994354631978192843e-177 1.994354631978192843e-177
4.249022924002411514e+02 1.493830617848555371e-181 1.493830617848555371e-181
4.346543467770327425e+02 8.990368296554320130e-186 8.990368296554320130e-186
4.446302233507579444e+02 4.325634548152427825e-190 4.325634548152427825e-190
4.548350591288553346e+02 1.655340676346538794e-194 1.655340676346538794e-194
4.652741090196892628e+02 5.011964312565215872e-199 5.011964312565215872e-199
4.759527485385328305e+02 1.194199807780856302e-203 1.194199807780856302e-203
4.868764765756578754e+02 2.226928688892826113e-208 2.226928688892826113e-208
4.980509182279378706e+02 3.231862992813977988e-213 3.231862992813977988e-213
5.094818276954580938e+02 3.629258098792701625e-218 3.629258098792701625e-218
5.211750912446063921e+02 3.135051341960999642e-223 3.135051341960999642e-223
5.331367302391523708e+02 2.070705261329428686e-228 2.070705261329428686e-228
5.453729042409125896e+02 1.039354405571142591e-233 1.039354405571142591e-233
5.578899141815799112e+02 3.939529011348842667e-239 3.939529011348842667e-239
5.706942056073310141e+02 1.120368603827383579e-244 1.120368603827383579e-244
5.837923719979211228e+02 2.374925626114235781e-250 2.374925626114235781e-250
5.971911581619580147e+02 3.727196626659204927e-256 3.727196626659204927e-256
6.108974637100785685e+02 4.300919592600080314e-262 4.300919592600080314e-262
6.249183466078624178e+02 3.623446216251118759e-268 3.623446216251118759e-268
6.392610268102888540e+02 2.212728810585832698e-274 2.212728810585832698e-274
6.539328899795873440e+02 9.722386226925062983e-281 9.722386226925062983e-281
6.689414912884388968e+02 3.050525587644326450e-287 3.050525587644326450e-287
6.842945593104677755e+02 6.782301727181601301e-294 6.782301727181601301e-294
7.000000000000001137e+02 1.059905961949618875e-300 1.059905961949618875e-300
